#PATCH_CHECK: SepMBpoisson v0.30 trace-normalized output active
#discretizing the bath:
#     0 0.0000000000000000e+00 1.3780996409462332e-01
#     1 3.3333333333333335e-03 -1.8374661879283108e-01
#     2 3.3333333333333335e-03 -1.3780996409462332e-01
#     3 3.3333333333333335e-03 -9.1873309396415540e-02
#     4 3.3333333333333335e-03 -4.5936654698207770e-02
#     5 3.3333333333333335e-03 0.0000000000000000e+00
#     6 3.3333333333333335e-03 4.5936654698207770e-02
#     7 3.3333333333333335e-03 9.1873309396415540e-02
#     8 3.3333333333333335e-03 1.3780996409462332e-01
#     9 3.3333333333333335e-03 1.8374661879283108e-01
  0.00000000 +5.0000000000000000e+00 +1.9999999999999998e+00 +1.8374661879283106e-03 +1.0000000000000000e+00 +1.0000000000000000e+00 +1.0000000000000000e+00 +1.0000000000000000e+00 +1.0000000000000000e+00 +0.0000000000000000e+00 +0.0000000000000000e+00 +0.0000000000000000e+00 +0.0000000000000000e+00 +0.0000000000000000e+00
  0.50000000 +5.0000000000000000e+00 +1.9999999999973790e+00 +1.8374661879260496e-03 +9.9999999999868949e-01 +9.9999999999868949e-01 +9.9999999999868949e-01 +9.9999999999868949e-01 +9.9999999999868949e-01 +0.0000000000000000e+00 +0.0000000000000000e+00 +0.0000000000000000e+00 +0.0000000000000000e+00 +0.0000000000000000e+00
  1.00000000 +5.0000000000000000e+00 +1.9999999925965855e+00 +1.8374661879373344e-03 +1.0000000000032210e+00 +1.0000000000032210e+00 +1.0000000000032210e+00 +1.0000000000032210e+00 +1.0000000000032210e+00 +0.0000000000000000e+00 +0.0000000000000000e+00 +0.0000000000000000e+00 +0.0000000000000000e+00 +0.0000000000000000e+00
  1.50000000 +5.0000000000000000e+00 +1.9999999964711459e+00 +1.8374661879258605e-03 +9.9999999999810862e-01 +9.9999999930867267e-01 +9.9999999930891492e-01 +9.9999999953804730e-01 +9.9999999953749819e-01 +0.0000000000000000e+00 +6.8925421268590395e-10 +6.9032157213715379e-10 +2.2983217452696420e-10 +6.8989356376353512e-10
  2.00000000 +5.0000000000000000e+00 +1.9999999997875058e+00 +1.8374661879188867e-03 +9.9999999999456635e-01 +9.9999999884009427e-01 +9.9999999882930035e-01 +9.9999999883533874e-01 +9.9999999906503612e-01 +2.3306525964356620e-10 +6.9807780145260324e-10 +1.3906970258079969e-09 +6.9590667934394561e-10 +1.3907492475182751e-09
  2.50000000 +5.0000000000000000e+00 +1.9999999969133164e+00 +1.8374661879256410e-03 +9.9999999999812950e-01 +9.9999999792676775e-01 +9.9999999719819388e-01 +9.9999999882568769e-01 +9.9999999859689415e-01 +1.1701134205964375e-09 +1.4039124736010388e-09 +1.8644800191869843e-09 +9.2862228878649307e-10 +2.0778464402123564e-09
  3.00000000 +5.0000000000000000e+00 +1.9999999688627816e+00 +1.8374661879213465e-03 +9.9999999999600198e-01 +9.9999999724035760e-01 +9.9999999673478723e-01 +9.9999999813700569e-01 +9.9999999786609906e-01 +1.6333679295051938e-09 +1.8846172733312028e-09 +3.0063754468506619e-09 +9.2486528263009561e-10 +2.5565323495347183e-09
  3.50000000 +5.0000000000000000e+00 +1.9999999235206225e+00 +1.8374661879225586e-03 +9.9999999999901534e-01 +9.9999999609365930e-01 +9.9999999607563739e-01 +9.9999999791807792e-01 +9.9999999739308543e-01 +2.7991421969464940e-09 +2.0694136829651969e-09 +3.3047786753160246e-09 +1.6067659392818283e-09 +2.7355010168730566e-09
  4.00000000 +5.0000000000000000e+00 +1.9999998976576883e+00 +1.8374661879253884e-03 +9.9999999999795686e-01 +9.9999999456035993e-01 +9.9999999516179217e-01 +9.9999999681153362e-01 +9.9999999640717130e-01 +3.5193130682792507e-09 +3.2980466022017794e-09 +3.6468275843179331e-09 +3.2651574171317343e-09 +3.3216257719151334e-09
  4.50000000 +5.0000000000000000e+00 +1.9999999004129771e+00 +1.8374661879322974e-03 +1.0000000000019589e+00 +9.9999999276872342e-01 +9.9999999414960883e-01 +9.9999999535641082e-01 +9.9999999399822692e-01 +4.7529218236675526e-09 +4.0205109403158075e-09 +6.1024396561668881e-09 +4.6716203157898639e-09 +4.1873726358441647e-09
  5.00000000 +5.0000000000000000e+00 +1.9999996482496134e+00 +1.8374661879329412e-03 +1.0000000000010127e+00 +9.9999999218190772e-01 +9.9999999136899986e-01 +9.9999999362672576e-01 +9.9999999208903356e-01 +5.5011038761564369e-09 +6.2974985298211566e-09 +7.4828339886588657e-09 +5.7541861635144400e-09 +5.7017607515238605e-09
  5.50000000 +5.0000000000000000e+00 +1.9999992340846016e+00 +1.8374661879272734e-03 +9.9999999999826694e-01 +9.9999999165133358e-01 +9.9999999022955022e-01 +9.9999999226000535e-01 +9.9999998961154124e-01 +6.2824410882457631e-09 +7.2588885416443640e-09 +9.2488344560298125e-09 +6.3793369783180496e-09 +7.0711356975602832e-09
  6.00000000 +5.0000000000000000e+00 +1.9999992124049275e+00 +1.8374661879339224e-03 +1.0000000000020155e+00 +9.9999999128789852e-01 +9.9999998729116091e-01 +9.9999999161798780e-01 +9.9999998727656181e-01 +8.8495045539005949e-09 +9.1714091234183877e-09 +9.9024574452664417e-09 +7.0618243435651884e-09 +7.5492570669143913e-09
  6.50000000 +5.0000000000000000e+00 +1.9999989893408059e+00 +1.8374661879365941e-03 +1.0000000000038620e+00 +9.9999999037455412e-01 +9.9999998618184904e-01 +9.9999999114616234e-01 +9.9999998505152488e-01 +1.0543888593672972e-08 +9.8050798353761323e-09 +1.0156969692708166e-08 +8.5458485780985029e-09 +8.2095705765027576e-09
  7.00000000 +5.0000000000000000e+00 +1.9999983096021283e+00 +1.8374661879337598e-03 +1.0000000000020408e+00 +9.9999998931860867e-01 +9.9999998482521346e-01 +9.9999998979503912e-01 +9.9999998110159483e-01 +1.1841702358546463e-08 +1.1342483241123604e-08 +1.0632840698438242e-08 +9.6819209785065819e-09 +1.1468759034049314e-08
  7.50000000 +5.0000000000000000e+00 +1.9999970192978549e+00 +1.8374661879260146e-03 +9.9999999999707001e-01 +9.9999998898100129e-01 +9.9999998440350579e-01 +9.9999998794274103e-01 +9.9999997845323407e-01 +1.3991513249077876e-08 +1.2298601665456278e-08 +1.2174153819781425e-08 +1.0136412090980882e-08 +1.1607116568670840e-08
  8.00000000 +5.0000000000000000e+00 +1.9999975124043663e+00 +1.8374661879311503e-03 +1.0000000000019169e+00 +9.9999998843112425e-01 +9.9999998257022360e-01 +9.9999998563634418e-01 +9.9999997577408450e-01 +1.4579758517672482e-08 +1.4432391225770389e-08 +1.3324916705218047e-08 +1.1188079516470645e-08 +1.4070744346112317e-08
  8.50000000 +5.0000000000000000e+00 +1.9999964706622040e+00 +1.8374661879325940e-03 +1.0000000000027438e+00 +9.9999998782955546e-01 +9.9999998265695955e-01 +9.9999998541818624e-01 +9.9999997362005733e-01 +1.6393452268915595e-08 +1.5413797760035920e-08 +1.3601867607591461e-08 +1.1122806846151493e-08 +1.3954291585209598e-08
  9.00000000 +5.0000000000000000e+00 +1.9999958909129096e+00 +1.8374661879328317e-03 +1.0000000000030773e+00 +9.9999998462758399e-01 +9.9999998147863611e-01 +9.9999998375768229e-01 +9.9999997138502317e-01 +1.7324686138657491e-08 +1.8350205968615171e-08 +1.4431349724872602e-08 +1.3911558913472955e-08 +1.4745583797595966e-08
  9.50000000 +5.0000000000000000e+00 +1.9999947514187737e+00 +1.8374661879288353e-03 +9.9999999999997957e-01 +9.9999998270997936e-01 +9.9999998070974194e-01 +9.9999998189785810e-01 +9.9999996906101585e-01 +1.8561564529044581e-08 +2.0163071578276897e-08 +1.4845381642215693e-08 +1.5580037087622842e-08 +1.6471268754862966e-08
 10.00000000 +5.0000000000000000e+00 +1.9999937391940428e+00 +1.8374661879228460e-03 +9.9999999999810507e-01 +9.9999998422566738e-01 +9.9999998179925631e-01 +9.9999998105571908e-01 +9.9999996614438913e-01 +1.9443665108807895e-08 +2.3072747176063643e-08 +1.5235274285156092e-08 +1.4171115264260883e-08 +1.4844587199554126e-08
 10.50000000 +5.0000000000000000e+00 +1.9999922268035173e+00 +1.8374661879373246e-03 +1.0000000000047884e+00 +9.9999998094417308e-01 +9.9999997814844055e-01 +9.9999997901137427e-01 +9.9999996443905714e-01 +2.0745253553041711e-08 +2.3392237923239510e-08 +1.7273851019679681e-08 +1.8233801977031139e-08 +1.7830964942723207e-08
 11.00000000 +5.0000000000000000e+00 +1.9999904387151370e+00 +1.8374661879342394e-03 +1.0000000000026485e+00 +9.9999997884659686e-01 +9.9999997708036714e-01 +9.9999997753473102e-01 +9.9999996156561854e-01 +2.3184472222152287e-08 +2.5048816649012866e-08 +1.7995302851836634e-08 +1.9562716001721757e-08 +1.9191972554375777e-08
 11.50000000 +5.0000000000000000e+00 +1.9999884291887329e+00 +1.8374661879282800e-03 +9.9999999999980838e-01 +9.9999997927056050e-01 +9.9999997371016514e-01 +9.9999997472523972e-01 +9.9999995735262837e-01 +2.5713690063704466e-08 +2.8302987004866907e-08 +2.1172599226245337e-08 +2.1541470126089919e-08 +1.8209893729493753e-08
 12.00000000 +5.0000000000000000e+00 +1.9999866129581698e+00 +1.8374661879291476e-03 +1.0000000000000948e+00 +9.9999997850924149e-01 +9.9999997167580357e-01 +9.9999997060895995e-01 +9.9999995473918990e-01 +2.7732933209923692e-08 +2.8617392812007086e-08 +2.1907437468765721e-08 +2.3509840692135571e-08 +2.2699581299438224e-08
 12.50000000 +5.0000000000000000e+00 +1.9999819638532474e+00 +1.8374661879282876e-03 +9.9999999999938516e-01 +9.9999997779273597e-01 +9.9999997162269871e-01 +9.9999997234889437e-01 +9.9999995226951299e-01 +2.9049509445831677e-08 +2.9488368856707705e-08 +2.3554422789442998e-08 +2.1673369102179004e-08 +2.2198026781830548e-08
 13.00000000 +5.0000000000000000e+00 +1.9999798797160731e+00 +1.8374661879352312e-03 +1.0000000000045410e+00 +9.9999997678220320e-01 +9.9999996898806631e-01 +9.9999996830860638e-01 +9.9999994955304305e-01 +3.1685695360963351e-08 +3.4111250728759984e-08 +2.3275120207580475e-08 +2.5081293687278555e-08 +2.2232885642722411e-08
 13.50000000 +5.0000000000000000e+00 +1.9999767707372587e+00 +1.8374661879260055e-03 +9.9999999999911993e-01 +9.9999997633305693e-01 +9.9999996860626139e-01 +9.9999996622956489e-01 +9.9999994754818577e-01 +3.1841082211239674e-08 +3.5950469749112704e-08 +2.6782190008679023e-08 +2.5913030614181659e-08 +2.0792638958677389e-08
 14.00000000 +5.0000000000000000e+00 +1.9999720919518891e+00 +1.8374661879247776e-03 +9.9999999999697142e-01 +9.9999997496133219e-01 +9.9999996684840242e-01 +9.9999996486773779e-01 +9.9999994651515212e-01 +3.1937284933647831e-08 +4.0213984516085389e-08 +2.7730421195870234e-08 +2.4312001074041420e-08 +2.2601569338031623e-08
 14.50000000 +5.0000000000000000e+00 +1.9999724377437973e+00 +1.8374661879354962e-03 +1.0000000000029723e+00 +9.9999997881932157e-01 +9.9999996862204399e-01 +9.9999996186638429e-01 +9.9999994231420797e-01 +3.4545638028821289e-08 +3.7665349520446254e-08 +2.8821459567488514e-08 +2.5660279148412447e-08 +2.1697204043598491e-08
 15.00000000 +5.0000000000000000e+00 +1.9999630678082758e+00 +1.8374661879308853e-03 +9.9999999999888789e-01 +9.9999997321002099e-01 +9.9999996212789921e-01 +9.9999995843513434e-01 +9.9999993746367533e-01 +3.6890308412349734e-08 +4.3869736145110221e-08 +3.0197996660853897e-08 +2.9267265959948162e-08 +2.8533514108027197e-08
 15.50000000 +5.0000000000000000e+00 +1.9999641479278607e+00 +1.8374661879288975e-03 +1.0000000000000071e+00 +9.9999998093904696e-01 +9.9999996862111007e-01 +9.9999995755593762e-01 +9.9999993878970495e-01 +3.2915956696413172e-08 +3.8414240088651156e-08 +3.6943436300722347e-08 +2.8343699252219157e-08 +1.7476897584383547e-08
 16.00000000 +5.0000000000000000e+00 +1.9999593263216595e+00 +1.8374661879312433e-03 +1.0000000000002052e+00 +9.9999997797369056e-01 +9.9999997052444756e-01 +9.9999995632178196e-01 +9.9999993655787656e-01 +3.5323008935891588e-08 +3.8888046716948088e-08 +3.3602564400365528e-08 +3.3946502638884354e-08 +1.6862901608182688e-08
 16.50000000 +5.0000000000000000e+00 +1.9999584022296488e+00 +1.8374661879236489e-03 +9.9999999999528599e-01 +9.9999997774287042e-01 +9.9999996510224931e-01 +9.9999996197583552e-01 +9.9999993175664659e-01 +3.6658029224222190e-08 +4.3205309675214608e-08 +3.1391696507688364e-08 +3.1488110536480320e-08 +2.0660396146225040e-08
 17.00000000 +5.0000000000000000e+00 +1.9999582716181123e+00 +1.8374661879383249e-03 +1.0000000000033136e+00 +9.9999997847748157e-01 +9.9999996243413192e-01 +9.9999995857654722e-01 +9.9999992857309261e-01 +3.9099179668994654e-08 +4.2877048890321866e-08 +3.7127301515007902e-08 +3.1779936297933824e-08 +2.1068534340747695e-08
 17.50000000 +5.0000000000000000e+00 +1.9999564220968433e+00 +1.8374661879269846e-03 +9.9999999999845879e-01 +9.9999997798178786e-01 +9.9999996888680065e-01 +9.9999995312175705e-01 +9.9999993103288443e-01 +4.6085680610310900e-08 +3.9830116210983914e-08 +3.5922155602754517e-08 +3.1525952519714924e-08 +1.5606699985242508e-08
 18.00000000 +5.0000000000000000e+00 +1.9999470604228569e+00 +1.8374661879325517e-03 +1.0000000000000464e+00 +9.9999997644533467e-01 +9.9999996460035978e-01 +9.9999995830294852e-01 +9.9999993113215846e-01 +3.8250219431508066e-08 +4.0156071075064508e-08 +3.8433757135216267e-08 +3.2156534082309909e-08 +2.0522802398383392e-08
 18.50000000 +5.0000000000000000e+00 +1.9999462976388931e+00 +1.8374661879278088e-03 +9.9999999999696965e-01 +9.9999997093261717e-01 +9.9999996768388977e-01 +9.9999995021603305e-01 +9.9999992198703702e-01 +4.5557813508245623e-08 +4.1759823694287408e-08 +3.7946876223607707e-08 +3.5075280911021659e-08 +2.8828506300619763e-08
 19.00000000 +5.0000000000000000e+00 +1.9999449811333896e+00 +1.8374661879361827e-03 +1.0000000000024236e+00 +9.9999997389306305e-01 +9.9999996934344326e-01 +9.9999995990827450e-01 +9.9999992420457040e-01 +4.3702304391991404e-08 +4.1668389287726274e-08 +3.7018855482391503e-08 +2.5157019841907820e-08 +2.5113774052777607e-08
 19.50000000 +5.0000000000000000e+00 +1.9999288403904731e+00 +1.8374661879286078e-03 +9.9999999999826517e-01 +9.9999997184765643e-01 +9.9999996986205708e-01 +9.9999995395925823e-01 +9.9999992804912863e-01 +3.9310364630096490e-08 +4.6348623358252945e-08 +3.7140390156960101e-08 +3.2252549957489613e-08 +2.1223033511991703e-08
 20.00000000 +5.0000000000000000e+00 +1.9999275975517237e+00 +1.8374661879295210e-03 +9.9999999999837652e-01 +9.9999998678921331e-01 +9.9999997455842737e-01 +9.9999995283319743e-01 +9.9999992341956578e-01 +4.5406326651067747e-08 +3.3531867002864387e-08 +3.5886271916379877e-08 +2.8326549204569403e-08 +1.9242088593787850e-08
 20.50000000 +5.0000000000000000e+00 +1.9999216821493104e+00 +1.8374661879301114e-03 +9.9999999999852640e-01 +9.9999998447805982e-01 +9.9999996785683820e-01 +9.9999996455748830e-01 +9.9999992060983700e-01 +3.9285127568192118e-08 +4.5866711840024504e-08 +3.6710872805451275e-08 +2.3471104256375087e-08 +1.7158065863889047e-08
 21.00000000 +5.0000000000000000e+00 +1.9999143570965618e+00 +1.8374661879316438e-03 +9.9999999999837907e-01 +9.9999997168011279e-01 +9.9999997171292820e-01 +9.9999995612562154e-01 +9.9999991890577256e-01 +4.4788913645262897e-08 +4.0752801174056794e-08 +3.2643565791030657e-08 +3.6910507134362021e-08 +2.6473294143430232e-08
 21.50000000 +5.0000000000000000e+00 +1.9999090016974990e+00 +1.8374661879326842e-03 +1.0000000000000890e+00 +9.9999999251093463e-01 +9.9999997167715615e-01 +9.9999995548834775e-01 +9.9999992365950208e-01 +4.6172817918363210e-08 +3.9729446640052011e-08 +2.6627173788522422e-08 +2.2774808956730403e-08 +2.1360167924424439e-08
 22.00000000 +5.0000000000000000e+00 +1.9999018210895017e+00 +1.8374661879322737e-03 +9.9999999999982536e-01 +9.9999998509024546e-01 +9.9999998393209300e-01 +9.9999994924098157e-01 +9.9999991803251931e-01 +3.7394003274439391e-08 +4.1863006540886353e-08 +3.4338839763962281e-08 +2.8028466067319916e-08 +2.2079147569660788e-08
 22.50000000 +5.0000000000000000e+00 +1.9999040843498044e+00 +1.8374661879309703e-03 +9.9999999999805589e-01 +9.9999998254066902e-01 +9.9999997537946239e-01 +9.9999995923872220e-01 +9.9999991502256003e-01 +3.9350212079800886e-08 +3.5002776189143378e-08 +4.4940029904945063e-08 +2.7078571788578644e-08 +2.1439218563094233e-08
 23.00000000 +5.0000000000000000e+00 +1.9998996828409348e+00 +1.8374661879300498e-03 +9.9999999999805755e-01 +9.9999998228369091e-01 +9.9999997630187509e-01 +9.9999995594323166e-01 +9.9999992473935617e-01 +4.3992302464678064e-08 +3.7005751414414553e-08 +3.3577987954728942e-08 +3.4248587995530312e-08 +1.1899448367210337e-08
 23.50000000 +5.0000000000000000e+00 +1.9998963514448342e+00 +1.8374661879336088e-03 +1.0000000000001104e+00 +9.9999998225569109e-01 +9.9999998449651861e-01 +9.9999995081826720e-01 +9.9999991366475449e-01 +4.7639674070604839e-08 +4.6028047713815462e-08 +3.5162458592954266e-08 +2.7471975759918406e-08 +1.2463055347088054e-08
 24.00000000 +5.0000000000000000e+00 +1.9998748991803816e+00 +1.8374661879334553e-03 +9.9999999999999811e-01 +1.0000000019585240e+00 +9.9999997610654900e-01 +9.9999996008849601e-01 +9.9999990395410521e-01 +4.8289078293634951e-08 +3.6620084389283366e-08 +3.5380126251858064e-08 +1.4560635575810668e-08 +2.3042394183264977e-08
 24.50000000 +5.0000000000000000e+00 +1.9998705932865135e+00 +1.8374661879310202e-03 +9.9999999999820677e-01 +9.9999997518898331e-01 +9.9999999001807693e-01 +9.9999994165467021e-01 +9.9999991113845277e-01 +3.6582507413084286e-08 +3.7957340199481966e-08 +4.5989511330097478e-08 +3.7107592400610274e-08 +2.4355693827516343e-08
 25.00000000 +5.0000000000000000e+00 +1.9998645165256377e+00 +1.8374661879314315e-03 +9.9999999999874323e-01 +9.9999999036641718e-01 +9.9999998570258208e-01 +9.9999996167150196e-01 +9.9999992289784057e-01 +3.5055168932461520e-08 +3.9437200283198665e-08 +3.6318228903359356e-08 +2.0773470199625732e-08 +7.7725607439104908e-09
 25.50000000 +5.0000000000000000e+00 +1.9998556289801133e+00 +1.8374661879380749e-03 +1.0000000000012232e+00 +9.9999998782613098e-01 +9.9999998586891670e-01 +9.9999995723842994e-01 +9.9999991490449192e-01 +3.0142492348374365e-08 +3.8979419421593106e-08 +3.8435289101565850e-08 +3.1261625716359945e-08 +1.5348097332931148e-08
 26.00000000 +5.0000000000000000e+00 +1.9998324920411674e+00 +1.8374661879363026e-03 +1.0000000000007634e+00 +9.9999999082450031e-01 +1.0000000018057895e+00 +9.9999994399322334e-01 +9.9999992585599617e-01 +4.5054378706960494e-08 +2.3418443100253004e-08 +3.3643387465633307e-08 +1.7152438070062248e-08 +1.8254896069471671e-08
 26.50000000 +5.0000000000000000e+00 +1.9998274346656573e+00 +1.8374661879339935e-03 +9.9999999999854894e-01 +9.9999998884266184e-01 +9.9999998455777339e-01 +9.9999994975076067e-01 +9.9999993507504914e-01 +3.4365199832262040e-08 +3.3957826742518329e-08 +3.2164644463009685e-08 +2.8827854037581510e-08 +1.2452427028435867e-08
 27.00000000 +5.0000000000000000e+00 +1.9998163419774984e+00 +1.8374661879319314e-03 +9.9999999999883382e-01 +9.9999998870738260e-01 +9.9999998635280363e-01 +9.9999995137344766e-01 +9.9999991840485003e-01 +4.4537731074019743e-08 +3.9762268350575821e-08 +2.5782631631034862e-08 +2.6231763496411517e-08 +1.8842455781282541e-08
 27.50000000 +5.0000000000000000e+00 +1.9998305561257481e+00 +1.8374661879355185e-03 +9.9999999999886668e-01 +9.9999998247134081e-01 +9.9999997489882475e-01 +9.9999997009250829e-01 +9.9999993078160287e-01 +3.4315576865411760e-08 +3.5037862391001150e-08 +4.3108941348630036e-08 +2.1371076111778449e-08 +7.9177322991044521e-09
 28.00000000 +5.0000000000000000e+00 +1.9997926201754781e+00 +1.8374661879381107e-03 +1.0000000000005862e+00 +9.9999998260132816e-01 +9.9999997156107145e-01 +9.9999997386209449e-01 +9.9999991875531591e-01 +3.8585363678384893e-08 +4.5550150357775648e-08 +2.8273952453818839e-08 +2.2373274892435209e-08 +1.8439794343532303e-08
 28.50000000 +5.0000000000000000e+00 +1.9997981535630738e+00 +1.8374661879371852e-03 +1.0000000000001537e+00 +9.9999999120598027e-01 +9.9999998783277677e-01 +9.9999995664622077e-01 +9.9999992529327597e-01 +4.6763544514190359e-08 +3.8979649049506395e-08 +2.3133901633352722e-08 +1.9334761717347641e-08 +1.0810505200384238e-08
 29.00000000 +5.0000000000000000e+00 +1.9997873883961745e+00 +1.8374661879333846e-03 +9.9999999999749867e-01 +9.9999999518706706e-01 +9.9999998314149230e-01 +9.9999995439359324e-01 +9.9999992482092803e-01 +3.5865581783108304e-08 +2.3007461808342176e-08 +3.2576953163350280e-08 +2.4004628805796150e-08 +2.6992286247680060e-08
 29.50000000 +5.0000000000000000e+00 +1.9997798207185302e+00 +1.8374661879381178e-03 +9.9999999999928102e-01 +9.9999999290469710e-01 +9.9999997888880721e-01 +9.9999994639472822e-01 +9.9999992448711239e-01 +4.5319358961315531e-08 +2.5540219061164483e-08 +3.7107271091967846e-08 +2.6631081689903304e-08 +2.2723846061818052e-08
 30.00000000 +5.0000000000000000e+00 +1.9997760805580844e+00 +1.8374661879321063e-03 +9.9999999999816469e-01 +9.9999998005207236e-01 +9.9999999865700318e-01 +9.9999997750234115e-01 +9.9999994811455117e-01 +3.7308196508396476e-08 +2.8039515786691385e-08 +1.5895237197206800e-08 +1.0808819346491112e-08 +3.6149232174629047e-09
 30.50000000 +5.0000000000000000e+00 +1.9997871818157815e+00 +1.8374661879311522e-03 +9.9999999999694456e-01 +1.0000000057382292e+00 +9.9999999337365963e-01 +9.9999997331365498e-01 +9.9999992749293887e-01 +3.2089203595055719e-08 +1.4294449787736675e-08 +2.0657491960101177e-08 +1.1128753238944458e-08 +2.1899398057014119e-08
 31.00000000 +5.0000000000000000e+00 +1.9997108371978811e+00 +1.8374661879377821e-03 +1.0000000000012146e+00 +9.9999999513310778e-01 +9.9999996647457212e-01 +9.9999995785592832e-01 +9.9999995250272078e-01 +3.8431800947325624e-08 +3.1122690727537477e-08 +1.6775229736646250e-08 +2.4191222500668740e-08 +1.7517585532815671e-08
 31.50000000 +5.0000000000000000e+00 +1.9997215802111703e+00 +1.8374661879421066e-03 +1.0000000000033875e+00 +9.9999998831989356e-01 +9.9999997944920993e-01 +9.9999996559990034e-01 +9.9999995429179711e-01 +3.3984270086078064e-08 +1.5048305400707972e-08 +2.6505247843040339e-08 +1.5881968430982228e-08 +2.0932958713260421e-08
 32.00000000 +5.0000000000000000e+00 +1.9997349461449749e+00 +1.8374661879369915e-03 +9.9999999999889022e-01 +9.9999998810116264e-01 +9.9999997990405509e-01 +9.9999996827544313e-01 +9.9999994041252149e-01 +2.3023131032403324e-08 +3.3948484172456513e-08 +2.3818176549339299e-08 +1.6033368056331480e-08 +2.6479219135065408e-08
 32.50000000 +5.0000000000000000e+00 +1.9997129254361894e+00 +1.8374661879391185e-03 +1.0000000000003659e+00 +9.9999998840061211e-01 +9.9999998566933890e-01 +9.9999997605351842e-01 +9.9999995494565863e-01 +3.4630297932083359e-08 +1.5305203371201742e-08 +2.0938314636495979e-08 +1.6841805086274644e-08 +7.2167150676733627e-09
 33.00000000 +5.0000000000000000e+00 +1.9997144473012693e+00 +1.8374661879388343e-03 +1.0000000000005693e+00 +9.9999999160438602e-01 +9.9999997520450312e-01 +9.9999998468134577e-01 +9.9999995482157089e-01 +3.5717576467350435e-08 +1.8237412618158532e-08 +2.5519833806618688e-08 -1.0169140164885281e-08 +2.4384790133768719e-08
 33.50000000 +5.0000000000000000e+00 +1.9997057707824133e+00 +1.8374661879376102e-03 +9.9999999999749223e-01 +9.9999997484237990e-01 +9.9999997647630368e-01 +9.9999997247868710e-01 +9.9999993114909835e-01 +4.1826199755249867e-08 +2.3116544770299063e-08 +3.0994783216274227e-08 +2.5569005147998100e-08 +2.3536967452660072e-08
 34.00000000 +5.0000000000000000e+00 +1.9996930301060425e+00 +1.8374661879356270e-03 +9.9999999999952460e-01 +9.9999999458516087e-01 +9.9999999055575672e-01 +9.9999995297388489e-01 +9.9999995757177418e-01 +2.2300028942366466e-08 +1.8711327326633970e-08 +4.5750845684980031e-08 +6.0995347783659925e-09 +1.1449786102581971e-08
 34.50000000 +5.0000000000000000e+00 +1.9997072310713286e+00 +1.8374661879355838e-03 +9.9999999999998668e-01 +9.9999998320824179e-01 +9.9999998374343912e-01 +9.9999998508649557e-01 +9.9999997699582233e-01 +1.2757802055927794e-08 +1.3047484304634109e-08 +2.1707218009458738e-08 +1.5584146539106556e-09 +2.1895028838937689e-08
 35.00000000 +5.0000000000000000e+00 +1.9997357100511970e+00 +1.8374661879350259e-03 +9.9999999999945688e-01 +9.9999998114921429e-01 +9.9999998442008609e-01 +9.9999998470245122e-01 +9.9999996383186740e-01 +1.9673837512074442e-08 +2.2363233775949768e-08 +1.9893473145476076e-08 +2.7194766239830313e-08 -3.2311001499151811e-09
 35.50000000 +5.0000000000000000e+00 +1.9996871111841612e+00 +1.8374661879389086e-03 +1.0000000000003091e+00 +9.9999997327181922e-01 +9.9999998325004913e-01 +9.9999998142467361e-01 +9.9999996787099810e-01 +1.4054257576323544e-08 +4.6245947577689833e-08 +2.0127369013567860e-08 +4.5280821064889653e-09 +9.2280386906983696e-09
 36.00000000 +5.0000000000000000e+00 +1.9997035218120010e+00 +1.8374661879363618e-03 +9.9999999999878342e-01 +9.9999997912444782e-01 +9.9999996959862625e-01 +9.9999996949353065e-01 +9.9999995240582729e-01 +3.6654276898296414e-08 +4.9798728903559424e-09 +3.7396502069131323e-08 +3.4134074274653044e-08 +1.6207977478750421e-08
 36.50000000 +5.0000000000000000e+00 +1.9996839993145350e+00 +1.8374661879395151e-03 +1.0000000000019422e+00 +9.9999998200744122e-01 +1.0000000022337812e+00 +9.9999996070812203e-01 +9.9999994245244894e-01 +1.3910652474236884e-08 +1.0447522893974011e-08 +2.0442805304918322e-08 +4.2605621803447887e-08 +2.5199370615320776e-08
 37.00000000 +5.0000000000000000e+00 +1.9996721666653645e+00 +1.8374661879324049e-03 +9.9999999999724454e-01 +1.0000000036366530e+00 +9.9999998888925046e-01 +9.9999997890946668e-01 +9.9999998145251368e-01 +8.4074627704111497e-10 +5.1991243587666172e-09 +3.8624570471304483e-08 -1.2477856324583502e-09 +3.6844423162132165e-09
 37.50000000 +5.0000000000000000e+00 +1.9996591705703668e+00 +1.8374661879429074e-03 +1.0000000000007647e+00 +9.9999998049750816e-01 +9.9999998481719810e-01 +9.9999997927778683e-01 +9.9999994089107536e-01 +4.6747190600355462e-08 +2.3590478133119769e-08 +1.4071354003885378e-08 +1.6743811907737390e-08 +1.3366657533494728e-08
 38.00000000 +5.0000000000000000e+00 +1.9996696751993126e+00 +1.8374661879347739e-03 +9.9999999999777234e-01 +9.9999996769189803e-01 +9.9999997890175485e-01 +9.9999999927435657e-01 +9.9999994467291453e-01 +3.2711687240722341e-08 +1.6062881553582371e-08 +1.4200474110210599e-08 +2.6498928081146423e-08 +1.9976195131991462e-08
 38.50000000 +5.0000000000000000e+00 +1.9996921567004662e+00 +1.8374661879417640e-03 +1.0000000000013611e+00 +9.9999997532016416e-01 +9.9999999856979527e-01 +9.9999998653297417e-01 +9.9999995394654095e-01 +1.5174913645416049e-09 +2.3472100894963620e-09 +1.1389342901112557e-08 +3.9039174954811648e-08 +3.1342750887402522e-08
 39.00000000 +5.0000000000000000e+00 +1.9997046902383437e+00 +1.8374661879354242e-03 +9.9999999999774603e-01 +9.9999998678659030e-01 +9.9999998440122184e-01 +9.9999997617637093e-01 +9.9999996899469568e-01 +1.7329363075770488e-08 -6.6145103261952733e-09 +3.0035454697437833e-08 +2.6202092043917671e-08 +1.6679707363995714e-08
 39.50000000 +5.0000000000000000e+00 +1.9996475343818552e+00 +1.8374661879439246e-03 +9.9999999999986089e-01 +9.9999994911421075e-01 +9.9999996944363212e-01 +9.9999993698675727e-01 +9.9999998970513937e-01 +3.2306028049661595e-08 +2.9535707123151232e-08 +4.0340094165429948e-08 +2.4418089228483739e-08 +2.8149785806903317e-08
 40.00000000 +5.0000000000000000e+00 +1.9997050504673037e+00 +1.8374661879391927e-03 +1.0000000000006966e+00 +9.9999993590033354e-01 +1.0000000240537574e+00 +1.0000000330433148e+00 +9.9999995263359309e-01 +1.1070465402517667e-08 +9.1548614978828102e-09 +2.7651279906075707e-08 +5.7848219578181204e-09 +7.1035688495700749e-10
 40.50000000 +5.0000000000000000e+00 +1.9996389125707286e+00 +1.8374661879448507e-03 +1.0000000000020104e+00 +9.9999998644962285e-01 +9.9999996990431106e-01 +9.9999999879352652e-01 +9.9999996036639582e-01 +2.9330842369446952e-08 -3.8589736216832807e-09 +2.4568269902811409e-08 +2.6879826417025734e-08 +7.5742220937682911e-09
 41.00000000 +5.0000000000000000e+00 +1.9996811765203082e+00 +1.8374661879424407e-03 +1.0000000000027873e+00 +9.9999998142117097e-01 +9.9999998325846995e-01 +1.0000000033374821e+00 +9.9999997208154567e-01 -5.2782270201665225e-09 +9.6693525705232587e-09 +1.0522536785837229e-08 +3.6459223157508785e-08 +8.5395944355350360e-09
 41.50000000 +5.0000000000000000e+00 +1.9996685878265670e+00 +1.8374661879352575e-03 +9.9999999999920364e-01 +9.9999999434841691e-01 +9.9999995947449249e-01 +9.9999998203505858e-01 +9.9999999176651666e-01 +2.0348580585665123e-08 +6.3700959337550362e-10 +2.5449514870541013e-08 +2.8940931181046062e-08 -3.0037037152593021e-09
 42.00000000 +5.0000000000000000e+00 +1.9996455734395455e+00 +1.8374661879362445e-03 +9.9999999999809064e-01 +9.9999998240380039e-01 +1.0000000088046752e+00 +9.9999997652892381e-01 +9.9999994027356498e-01 +5.9813108404432562e-10 +2.1101604641861724e-08 +3.8648370139782249e-08 +3.6806449741469659e-08 -5.1731544441801283e-09
 42.50000000 +5.0000000000000000e+00 +1.9996220469164963e+00 +1.8374661879412189e-03 +1.0000000000020837e+00 +1.0000000166377478e+00 +9.9999998042076599e-01 +1.0000000096481554e+00 +9.9999997783677852e-01 -9.2714718439500091e-09 -2.1723132735357812e-08 +3.5476986010404270e-09 +1.0828176129727148e-08 +3.2083620688020262e-08
 43.00000000 +5.0000000000000000e+00 +1.9995809889529517e+00 +1.8374661879376516e-03 +9.9999999999752165e-01 +9.9999996607961550e-01 +1.0000000065916634e+00 +9.9999997595295675e-01 +9.9999997215711456e-01 +1.2251583042482159e-08 +5.6993681018751152e-09 +2.9127935802664806e-08 +2.3433876708837527e-08 +8.6959711379357400e-09
 43.50000000 +5.0000000000000000e+00 +1.9995996426542764e+00 +1.8374661879387677e-03 +1.0000000000007392e+00 +9.9999999630295056e-01 +1.0000000205943695e+00 +9.9999999013919050e-01 +9.9999999412661300e-01 -6.5696691806086281e-09 -3.3920377090448004e-08 +1.9361075611109748e-08 +3.2413005467006353e-08 -1.2444205154163697e-08
 44.00000000 +5.0000000000000000e+00 +1.9996038059901680e+00 +1.8374661879342685e-03 +1.0000000000018552e+00 +1.0000000135200042e+00 +1.0000000060361134e+00 +1.0000000202387982e+00 +9.9999997601292401e-01 -3.2483504439268701e-08 +1.4481542088407378e-08 -1.1696976530388064e-08 +2.2794148987860413e-08 -8.8956291812964934e-09
 44.50000000 +5.0000000000000000e+00 +1.9996619571482765e+00 +1.8374661879476590e-03 +1.0000000000000344e+00 +9.9999999090458447e-01 +9.9999999003254880e-01 +9.9999997915083827e-01 +9.9999997560965914e-01 -2.0255541127370894e-08 +1.5573872006028591e-08 +3.6275499063534812e-08 +2.4064958293985489e-08 +8.6437188789639906e-09
 45.00000000 +5.0000000000000000e+00 +1.9997111100461604e+00 +1.8374661879384975e-03 +9.9999999999816236e-01 +1.0000000174420336e+00 +9.9999994513500690e-01 +9.9999996261108626e-01 +1.0000000033009258e+00 +3.1763053625867237e-08 +2.7663948921760188e-08 -7.7370084999734403e-09 +1.4686795135071019e-08 +5.1268094978282843e-09
 45.50000000 +5.0000000000000000e+00 +1.9996634509185052e+00 +1.8374661879394971e-03 +9.9999999999753841e-01 +9.9999997867673596e-01 +9.9999997129652918e-01 +1.0000000099722139e+00 +9.9999995965008426e-01 +2.4087336321610301e-08 -1.1293517614130993e-08 +2.9131937029374526e-08 +1.1186650036088440e-08 +2.7282186322255553e-08
 46.00000000 +5.0000000000000000e+00 +1.9995972177844099e+00 +1.8374661879460290e-03 +9.9999999999931688e-01 +9.9999997464986345e-01 +9.9999998142616886e-01 +9.9999999168497378e-01 +9.9999996307668282e-01 +3.2348908423616732e-08 +6.2473526262469425e-09 +2.7384551775511086e-08 +2.4759111256534346e-08 -1.5803443354858010e-09
 46.50000000 +5.0000000000000000e+00 +1.9995531334771870e+00 +1.8374661879394455e-03 +9.9999999999814693e-01 +1.0000000217843716e+00 +9.9999996507339672e-01 +9.9999995383668583e-01 +9.9999998698192161e-01 +2.5884969734768454e-08 -1.4525285686905939e-08 +1.7422087753238148e-10 +1.3607550399844906e-08 +4.7174754270405837e-08
 47.00000000 +5.0000000000000000e+00 +1.9996979934619301e+00 +1.8374661879408381e-03 +9.9999999999869638e-01 +9.9999994945301329e-01 +1.0000000287679143e+00 +9.9999997461143941e-01 +9.9999993988839431e-01 +1.6037382918864447e-08 +3.9779815589958878e-08 +1.1455633359091175e-08 +2.0927286596827105e-08 +1.9073904425968242e-08
 47.50000000 +5.0000000000000000e+00 +1.9996957449795767e+00 +1.8374661879468747e-03 +1.0000000000021936e+00 +1.0000000043791666e+00 +9.9999998417065805e-01 +9.9999996743187292e-01 +9.9999998972089643e-01 -1.8289901419324198e-08 +4.8044383892218982e-08 +2.6138489015056839e-09 -8.6026979967200790e-09 +3.0540545217531163e-08
 48.00000000 +5.0000000000000000e+00 +1.9996409162283038e+00 +1.8374661879459609e-03 +9.9999999999826228e-01 +9.9999999998015232e-01 +9.9999998572638804e-01 +9.9999997097023141e-01 +9.9999995297429634e-01 +2.0766377135456381e-08 +1.9369170922150020e-08 +2.4728427552165530e-08 +9.5661717939849622e-09 +1.5911835413869170e-08
 48.50000000 +5.0000000000000000e+00 +1.9997370163477306e+00 +1.8374661879436947e-03 +9.9999999999889211e-01 +9.9999995925160678e-01 +1.0000000061379759e+00 +9.9999997921219419e-01 +9.9999998007475444e-01 +1.3208821086998293e-08 +4.5946359373345056e-08 -2.0139190994162344e-09 +2.6748096153531941e-08 -8.5703189039293121e-09
 49.00000000 +5.0000000000000000e+00 +1.9996774461153208e+00 +1.8374661879488709e-03 +1.0000000000022335e+00 +9.9999997781630123e-01 +9.9999999155732255e-01 +9.9999997445241295e-01 +9.9999995168837230e-01 +1.4933672444800388e-08 +1.4693963110443177e-08 +4.8423671804249262e-08 +4.6285524203351725e-09 +2.1814660413268865e-08
 49.50000000 +5.0000000000000000e+00 +1.9996827312674048e+00 +1.8374661879469992e-03 +1.0000000000016052e+00 +1.0000000119613210e+00 +1.0000000103113447e+00 +9.9999999180554533e-01 +9.9999998451748429e-01 -4.8366588354287108e-08 -3.8712056492867211e-08 +4.3517172106575631e-08 +2.4848123361980888e-08 +2.0124075861262008e-08
 50.00000000 +5.0000000000000000e+00 +1.9995893726499676e+00 +1.8374661879431721e-03 +1.0000000000011062e+00 +1.0000000075318511e+00 +9.9999997556526543e-01 +9.9999996793188473e-01 +9.9999998854495986e-01 -3.4668620529035625e-08 +4.8929646524815402e-08 -1.0129121751299811e-08 +1.9989044897606229e-08 +3.6309514075400659e-08
 50.50000000 +5.0000000000000000e+00 +1.9996332422810408e+00 +1.8374661879504038e-03 +1.0000000000000047e+00 +9.9999995372413597e-01 +9.9999998110983102e-01 +1.0000000108954743e+00 +9.9999999976271692e-01 -5.9704327121613306e-09 +5.2179519946057442e-08 +4.8755795210154293e-09 +2.0344442924789469e-08 -1.6921248894560561e-08
 51.00000000 +5.0000000000000000e+00 +1.9996602701988038e+00 +1.8374661879479021e-03 +1.0000000000010636e+00 +9.9999998231426357e-01 +9.9999998478887020e-01 +9.9999994525069791e-01 +9.9999998803276102e-01 +5.0819937834492053e-08 +4.1661403310166105e-08 +3.9079147010193253e-08 -1.8265153100556040e-08 -1.3677674160349220e-08
 51.50000000 +5.0000000000000000e+00 +1.9997305302261916e+00 +1.8374661879493319e-03 +9.9999999999794820e-01 +1.0000000025658045e+00 +9.9999996571474026e-01 +9.9999999164054654e-01 +9.9999998245137178e-01 +1.6220975623705728e-08 +1.9917255506193521e-08 -1.3778877576882156e-08 +1.1714210394304047e-08 +2.3545768329782038e-08
 52.00000000 +5.0000000000000000e+00 +1.9998227628596132e+00 +1.8374661879484969e-03 +1.0000000000008864e+00 +1.0000000131934621e+00 +1.0000000044535067e+00 +1.0000000064495633e+00 +9.9999992623418676e-01 -1.0827243824231952e-08 +2.0278992188941039e-08 +3.1628720064407884e-08 -2.4703499353635921e-08 +3.3295854435391547e-08
 52.50000000 +5.0000000000000000e+00 +1.9997476708077746e+00 +1.8374661879442073e-03 +1.0000000000011522e+00 +1.0000000117951300e+00 +9.9999997221394554e-01 +1.0000000407183300e+00 +1.0000000005458316e+00 +1.5188272439576616e-08 -5.6648407409557493e-10 -1.9636601030987765e-08 -5.0218477248126394e-08 +2.9964661240483200e-08
 53.00000000 +5.0000000000000000e+00 +1.9998037626910303e+00 +1.8374661879472229e-03 +1.0000000000004563e+00 +9.9999998578643379e-01 +1.0000000171501906e+00 +9.9999993377712837e-01 +9.9999992585686392e-01 +7.2574268459277600e-08 +4.3433842011469805e-08 -1.5469027188816802e-08 +4.9787694579763186e-08 -1.2895570156356323e-08
 53.50000000 +5.0000000000000000e+00 +1.9997770454849138e+00 +1.8374661879527151e-03 +9.9999999999998768e-01 +1.0000000246335576e+00 +1.0000000195923462e+00 +9.9999995950756371e-01 +1.0000000029245590e+00 +3.3020231630097394e-09 -3.8300116441748225e-08 +3.2202261189927253e-08 +1.1554527899068830e-08 -1.5416772440537632e-08
 54.00000000 +5.0000000000000000e+00 +1.9998024724030625e+00 +1.8374661879668507e-03 +9.9999999999904843e-01 +9.9999994554196669e-01 +9.9999992067587884e-01 +9.9999998658455458e-01 +9.9999992130678284e-01 +2.1903015094215287e-09 +5.3530708769713025e-08 +8.1242497821053279e-08 +6.8543631114391475e-08 +2.0379869703166647e-08
 54.50000000 +5.0000000000000000e+00 +1.9999116034754973e+00 +1.8374661879560147e-03 +1.0000000000007885e+00 +9.9999998519997746e-01 +9.9999996667720403e-01 +9.9999997790718387e-01 +9.9999994599852404e-01 +4.8023453504981622e-08 +5.9168215833638258e-09 +4.4696282746262274e-08 +2.7083313581511430e-08 -1.4996005169905793e-09
 55.00000000 +5.0000000000000000e+00 +1.9999216412757155e+00 +1.8374661879324359e-03 +1.0000000000001656e+00 +9.9999997962971643e-01 +1.0000000193279899e+00 +1.0000000445109056e+00 +1.0000000126099591e+00 +3.4552888830166684e-08 -5.0209744193755970e-08 -1.5040070492572066e-08 +2.3606703974807813e-08 -4.8987685791871380e-08
 55.50000000 +5.0000000000000000e+00 +1.9998190202508648e+00 +1.8374661879599834e-03 +1.0000000000002440e+00 +1.0000000389152834e+00 +9.9999994941635018e-01 +9.9999992493113299e-01 +9.9999995080811632e-01 +2.0191659173875830e-08 +4.1694963405637377e-08 +3.6930641915301986e-08 +7.1766811790485477e-08 -3.4653988969401074e-08
 56.00000000 +5.0000000000000000e+00 +1.9998240967061192e+00 +1.8374661879751990e-03 +1.0000000000016105e+00 +1.0000000262635431e+00 +9.9999995376736883e-01 +9.9999996566776927e-01 +9.9999986523724482e-01 +3.1446001520680820e-08 +6.7930106680843628e-08 +3.9585003986382306e-08 +4.8897757727529169e-08 +1.2116446068031949e-09
 56.50000000 +5.0000000000000000e+00 +1.9997928587348817e+00 +1.8374661879607683e-03 +9.9999999999896394e-01 +9.9999995595146807e-01 +9.9999993966945855e-01 +9.9999995106697170e-01 +9.9999987451331918e-01 -8.7178037093568398e-09 +1.5821338952274003e-08 +4.0774829110784327e-08 +1.4071473321362783e-07 +9.0201536755937519e-08
 57.00000000 +5.0000000000000000e+00 +1.9997847769150536e+00 +1.8374661879276472e-03 +9.9999999999901457e-01 +1.0000000081305505e+00 +9.9999997440730171e-01 +1.0000000687967445e+00 +9.9999998746993624e-01 +3.4087313761994926e-08 -2.5523216525524885e-08 -1.1986680988942674e-08 -2.0438774548999484e-08 -1.4947118211306139e-08
 57.50000000 +5.0000000000000000e+00 +1.9997725756375984e+00 +1.8374661879475950e-03 +9.9999999999980582e-01 +1.0000000803426403e+00 +9.9999993018415889e-01 +9.9999998406987822e-01 +9.9999993145445443e-01 -3.9496169213258719e-08 +1.9556324638065205e-08 +4.5642205518037120e-08 +4.9139455756460975e-08 -8.9372544712867739e-10
 58.00000000 +5.0000000000000000e+00 +1.9998373874321915e+00 +1.8374661879513538e-03 +1.0000000000008642e+00 +1.0000000353849976e+00 +9.9999994625241639e-01 +9.9999998756755049e-01 +1.0000000160135014e+00 +7.2062041531474196e-09 -4.1330936287410906e-08 +5.0254955577122316e-08 -2.2236223429619442e-08 +2.0890993529914584e-08
 58.50000000 +5.0000000000000000e+00 +1.9999731881281457e+00 +1.8374661879367361e-03 +9.9999999999862443e-01 +1.0000000495678003e+00 +1.0000000566611065e+00 +9.9999996711987926e-01 +9.9999997461176859e-01 +1.5117075160449487e-08 -3.5217288453327887e-08 +3.3117548579105726e-08 +1.4568994418155330e-08 -7.5552385323001794e-08
 59.00000000 +5.0000000000000000e+00 +2.0000416453426619e+00 +1.8374661879488180e-03 +1.0000000000009139e+00 +1.0000000081974516e+00 +1.0000000112357099e+00 +1.0000000212805760e+00 +9.9999992104761315e-01 -5.8397955943361892e-09 -2.0466405689977580e-08 -7.1196114477470748e-09 +6.1900252221202792e-08 +9.7678646873418917e-09
 59.50000000 +5.0000000000000000e+00 +1.9999391251371212e+00 +1.8374661879558560e-03 +1.0000000000010043e+00 +9.9999995332811864e-01 +9.9999998318931749e-01 +9.9999997986061173e-01 +9.9999996301265415e-01 -1.2853734619508488e-08 +3.6365066869994835e-08 +2.8160456249065931e-08 +3.6360274620825027e-08 +3.2581256571010838e-08
 60.00000000 +5.0000000000000000e+00 +2.0000742481980915e+00 +1.8374661879413928e-03 +1.0000000000007809e+00 +1.0000000067559662e+00 +1.0000000524416621e+00 +9.9999996348255593e-01 +1.0000000387605670e+00 +8.1431475402712579e-09 -2.8306694255190746e-08 -1.3879577356210321e-08 -1.0991251021268836e-09 -2.6295376433951733e-08
 60.50000000 +5.0000000000000000e+00 +2.0000097263011694e+00 +1.8374661879476384e-03 +1.0000000000012845e+00 +9.9999998886532149e-01 +9.9999996538132563e-01 +9.9999995820150200e-01 +9.9999990827454033e-01 -2.9480331804911709e-08 +4.7597783746412786e-08 +7.0860176322983924e-08 +6.7955213739102600e-08 +2.2349608638668608e-08
 61.00000000 +5.0000000000000000e+00 +2.0000676250688594e+00 +1.8374661879548707e-03 +9.9999999999914735e-01 +1.0000000158453888e+00 +9.9999993492702977e-01 +9.9999994394326841e-01 +1.0000000275577257e+00 -3.4997837613082749e-08 +3.9382851858772101e-08 +5.1189885029993989e-08 -7.3158386959385356e-09 +2.9464115630526070e-08
 61.50000000 +5.0000000000000000e+00 +1.9998724592710184e+00 +1.8374661879268614e-03 +9.9999999999855260e-01 +1.0000000030144292e+00 +1.0000000551603010e+00 +1.0000000167542900e+00 +9.9999996514795308e-01 -2.3080877553661257e-08 -2.4971156285743907e-08 -2.9310758429445604e-08 +5.6005826207601581e-09 +3.1679445743786323e-08
 62.00000000 +5.0000000000000000e+00 +2.0001966160302000e+00 +1.8374661879155807e-03 +1.0000000000008704e+00 +1.0000000011372292e+00 +1.0000000336988049e+00 +1.0000000045356692e+00 +9.9999995057408131e-01 -5.4994621287653916e-08 +6.6161415268708605e-08 +3.9577576905905743e-09 -3.7548153798172400e-08 +3.2481301699064733e-08
 62.50000000 +5.0000000000000000e+00 +1.9999641699641333e+00 +1.8374661879384737e-03 +1.0000000000013287e+00 +9.9999995659947749e-01 +9.9999998908065790e-01 +9.9999999904002479e-01 +1.0000000000426146e+00 -1.9045891237620967e-08 -1.8707423439227515e-08 +1.8399661431069186e-08 +2.9966393698253835e-08 +4.4629801577032701e-08
 63.00000000 +5.0000000000000000e+00 +2.0002079083663409e+00 +1.8374661879861508e-03 +9.9999999999934641e-01 +9.9999997597313306e-01 +9.9999998792510991e-01 +9.9999995926053120e-01 +9.9999994036079543e-01 -2.1430178513697095e-08 -2.5318704667373714e-08 +1.5917560745180921e-08 +1.1212596276448628e-07 +5.5183175103972022e-08
 63.50000000 +5.0000000000000000e+00 +1.9999739546902602e+00 +1.8374661879504662e-03 +9.9999999999948419e-01 +1.0000000350091163e+00 +9.9999985525125390e-01 +9.9999993726433645e-01 +1.0000000039529591e+00 +4.4790795396782716e-08 +1.0411736979815244e-09 +4.1356283342380290e-08 +4.9409533579771014e-08 +3.1922487770877392e-08
 64.00000000 +5.0000000000000000e+00 +2.0001599944095090e+00 +1.8374661879723853e-03 +1.0000000000007652e+00 +9.9999997417070052e-01 +9.9999998344592089e-01 +1.0000000237818456e+00 +9.9999995699818334e-01 +9.3895425346866478e-08 -1.7177270428396590e-08 +5.4169588129618655e-08 -1.0057399555178673e-08 -5.9223936114272746e-08
 64.50000000 +5.0000000000000000e+00 +2.0002174640735286e+00 +1.8374661879690421e-03 +1.0000000000007265e+00 +1.0000000037742001e+00 +9.9999994047475793e-01 +1.0000000516903556e+00 +9.9999985315930695e-01 +7.2595422875312060e-08 +1.2927972250410444e-08 +1.9332196432187468e-09 +8.3145902071665721e-08 -1.9698241510185073e-08
 65.00000000 +5.0000000000000000e+00 +2.0000377794532453e+00 +1.8374661879456528e-03 +1.0000000000000524e+00 +9.9999999778676896e-01 +9.9999998370495047e-01 +1.0000000185963525e+00 +1.0000000155707272e+00 +5.1549849047160012e-08 -1.2423837439875557e-07 -7.8324245904228466e-09 +8.6399837169752930e-08 -2.1537476934417798e-08
 65.50000000 +5.0000000000000000e+00 +1.9998570063712182e+00 +1.8374661879523219e-03 +9.9999999999940825e-01 +1.0000000921325014e+00 +9.9999994755483201e-01 +9.9999995991407531e-01 +9.9999999988868804e-01 -5.4716877462099633e-09 +4.2512142939573959e-10 -5.4097288210129300e-09 -2.2382677941151131e-08 +3.3346508890833176e-08
 66.00000000 +5.0000000000000000e+00 +1.9999188840726625e+00 +1.8374661879358304e-03 +1.0000000000001206e+00 +9.9999993714209068e-01 +9.9999999122368932e-01 +1.0000000626706291e+00 +1.0000000086187995e+00 +6.0676710908984277e-08 +1.9793880158513186e-08 -3.1533827145774255e-08 -2.2340311155227490e-08 -2.6251180494259285e-08
 66.50000000 +5.0000000000000000e+00 +2.0003792658500719e+00 +1.8374661879640044e-03 +1.0000000000005036e+00 +9.9999986096704940e-01 +1.0000000040325205e+00 +9.9999993328458714e-01 +9.9999994209031873e-01 +3.7788653863422631e-08 +2.5095584782169915e-08 +5.6628831377970704e-08 +1.1327603413647851e-07 +2.6838434298052069e-08
 67.00000000 +5.0000000000000000e+00 +2.0001679168266704e+00 +1.8374661879600274e-03 +1.0000000000006704e+00 +9.9999996634918931e-01 +1.0000000083350411e+00 +1.0000000219569187e+00 +1.0000000048509639e+00 -1.2580307169233852e-08 -7.2261931560151203e-08 +5.2740384378413932e-08 +1.1645462385308766e-08 +1.8966963111047027e-08
 67.50000000 +5.0000000000000000e+00 +2.0003284627349442e+00 +1.8374661880055975e-03 +1.0000000000005336e+00 +9.9999998890089625e-01 +9.9999999103401938e-01 +9.9999995839074629e-01 +1.0000000799731774e+00 +7.9376832204472876e-08 -3.2922502136994414e-08 -4.7954476853005602e-09 -4.2421073118585301e-08 -1.7534517313700256e-08
 68.00000000 +5.0000000000000000e+00 +2.0000822749689910e+00 +1.8374661879243164e-03 +1.0000000000005773e+00 +9.9999999623322033e-01 +1.0000000670700151e+00 +9.9999998965999859e-01 +1.0000000271793588e+00 -1.6187726787157417e-08 -4.9434862088406676e-08 -7.3780687293118038e-09 +3.6023683995641728e-08 -4.3163314282735596e-08
 68.50000000 +5.0000000000000000e+00 +2.0003603575655995e+00 +1.8374661879172064e-03 +1.0000000000003282e+00 +1.0000000254820327e+00 +1.0000001311513889e+00 +1.0000001292866056e+00 +9.9999999377280147e-01 -3.2129516807461753e-08 -1.0167898107140437e-07 -5.7542419795388294e-08 +1.3274127358940484e-08 -1.0161472812468467e-07
 69.00000000 +5.0000000000000000e+00 +2.0003187421443296e+00 +1.8374661880036292e-03 +1.0000000000004694e+00 +9.9999993785962882e-01 +9.9999992942795979e-01 +9.9999993551475985e-01 +9.9999992459968290e-01 +1.1395210164541869e-07 +7.4844400186147402e-08 +1.2042056381593783e-08 +3.9535462039615100e-08 +3.2225828655452430e-08
 69.50000000 +5.0000000000000000e+00 +1.9999053146722539e+00 +1.8374661879634240e-03 +1.0000000000004989e+00 +9.9999988403755513e-01 +9.9999996015395809e-01 +9.9999997584062594e-01 +9.9999997529235995e-01 +2.8922452244297856e-08 -6.9140830464763859e-09 -4.5729590041394475e-08 +1.5302547649830807e-07 +7.5373249606232465e-08
 70.00000000 +5.0000000000000000e+00 +2.0001298285639195e+00 +1.8374661879895613e-03 +1.0000000000002955e+00 +9.9999988749670121e-01 +9.9999995858783275e-01 +1.0000000571233818e+00 +1.0000000224425161e+00 +5.7519997068665928e-08 +1.8049831287631020e-08 -4.5825556128081533e-08 +8.9846083710963304e-08 -4.5239600754786525e-08
 70.50000000 +5.0000000000000000e+00 +2.0000201207789696e+00 +1.8374661879711973e-03 +1.0000000000004041e+00 +1.0000001718129452e+00 +9.9999994042452756e-01 +9.9999992293924411e-01 +1.0000000281471244e+00 +5.2479518619180412e-08 -4.9706979113962790e-08 -1.1892939617444238e-08 -5.6936299674434229e-08 +2.7344759225106059e-09
 71.00000000 +5.0000000000000000e+00 +2.0002746859579315e+00 +1.8374661879895029e-03 +1.0000000000003058e+00 +9.9999991316947190e-01 +1.0000000115674594e+00 +9.9999998607442697e-01 +9.9999986336137958e-01 +7.0043115101609048e-08 -1.9111482966137677e-09 -1.1505881776635653e-08 -2.4611556607379155e-10 +1.6944851704920027e-07
 71.50000000 +5.0000000000000000e+00 +2.0002429211133386e+00 +1.8374661879601208e-03 +9.9999999999982214e-01 +1.0000000376413498e+00 +9.9999999599331568e-01 +1.0000000409453864e+00 +1.0000000034890548e+00 -1.0774282049891651e-07 +6.4588468057090898e-09 +2.3567533464264294e-08 +3.2068213202014961e-08 -3.2421592009121744e-08
 72.00000000 +5.0000000000000000e+00 +2.0003194828129858e+00 +1.8374661879591745e-03 +9.9999999999957512e-01 +9.9999993376654916e-01 +9.9999980149978018e-01 +1.0000000610142583e+00 +1.0000000130743540e+00 +1.0309617134336074e-07 +7.5244006089224420e-09 +5.9584157527727228e-08 +6.8951633096580324e-08 -4.8512998863852631e-08
 72.50000000 +5.0000000000000000e+00 +2.0005882627155045e+00 +1.8374661879705897e-03 +9.9999999999934897e-01 +9.9999996624431653e-01 +9.9999994471794351e-01 +9.9999987004608004e-01 +9.9999998153461156e-01 +6.6814635326700667e-08 +5.2367655723966507e-08 +7.2169642019881784e-08 +7.1259310128111952e-10 +4.5389918923219503e-08
 73.00000000 +5.0000000000000000e+00 +2.0001646066156287e+00 +1.8374661879441766e-03 +9.9999999999974065e-01 +9.9999996601711927e-01 +9.9999992597888054e-01 +9.9999994345295951e-01 +1.0000000026307312e+00 -4.7749307223727165e-08 -5.2455058790326547e-09 +6.3065646496314803e-08 +4.2353565269482871e-08 +1.0949487483442733e-07
 73.50000000 +5.0000000000000000e+00 +2.0001395701009850e+00 +1.8374661878920475e-03 +9.9999999999962352e-01 +9.9999996433237770e-01 +9.9999997821327025e-01 +1.0000000961162414e+00 +1.0000000704344727e+00 -1.5149405658085661e-08 +4.7276862715451808e-08 +8.3654478513430744e-08 -6.0988421422868767e-08 -1.6389138234374911e-07
 74.00000000 +5.0000000000000000e+00 +2.0000517783878391e+00 +1.8374661879301201e-03 +9.9999999999910816e-01 +1.0000000478996163e+00 +1.0000000515572189e+00 +1.0000000389642569e+00 +9.9999998840773108e-01 -3.7818536483910764e-08 +4.5136440159705233e-08 -5.8787778825350782e-08 -1.0095779107097063e-07 +2.5595273928483744e-08
 74.50000000 +5.0000000000000000e+00 +1.9997355162079278e+00 +1.8374661879254663e-03 +1.0000000000003466e+00 +9.9999997187946676e-01 +9.9999995980776690e-01 +1.0000001589656879e+00 +9.9999999689124286e-01 -8.9819842925411492e-09 +7.0634185731912559e-08 -1.0883548040034703e-07 +5.8043720819763165e-09 -4.6163873570490850e-08
 75.00000000 +5.0000000000000000e+00 +2.0006355495547425e+00 +1.8374661880251279e-03 +1.0000000000008835e+00 +9.9999997757177050e-01 +9.9999992388313130e-01 +1.0000000116431429e+00 +9.9999990789026649e-01 +3.4783238094561816e-08 -2.2646562279035493e-08 +1.5727355959934283e-08 +2.6445582618060574e-09 +1.4850663400937696e-07
 75.50000000 +5.0000000000000000e+00 +2.0002170144846003e+00 +1.8374661879758090e-03 +9.9999999999947853e-01 +9.9999997386536799e-01 +1.0000000086610263e+00 +1.0000000589865095e+00 +9.9999991343768635e-01 -1.6642195893668725e-08 +6.3614939457146495e-08 -2.8345652168991453e-08 +8.9911190629200562e-08 -6.3490962740319095e-08
 76.00000000 +5.0000000000000000e+00 +2.0003326481132886e+00 +1.8374661880458322e-03 +1.0000000000005025e+00 +9.9999983820428340e-01 +9.9999995835226352e-01 +9.9999997043673305e-01 +9.9999992782952740e-01 +6.7949037728166627e-08 +6.5688360147639981e-08 +2.5557010352219667e-08 +4.8196256578863480e-08 +9.7788531587602964e-08
 76.50000000 +5.0000000000000000e+00 +2.0001568308860311e+00 +1.8374661879517120e-03 +1.0000000000001048e+00 +9.9999999415944119e-01 +9.9999999736356293e-01 +9.9999990889923596e-01 +1.0000000309227850e+00 -2.3864161606903600e-07 +6.1420594595175232e-08 -6.5246725674525708e-09 +2.1963214528885609e-07 +3.2768947144050460e-08
 77.00000000 +5.0000000000000000e+00 +2.0000349841171556e+00 +1.8374661880221441e-03 +1.0000000000001086e+00 +9.9999997589925793e-01 +9.9999983909902135e-01 +9.9999996185032825e-01 +9.9999994311828178e-01 +1.3446354500489688e-08 +1.4826308900465864e-07 +6.9717595660601422e-08 +7.5596566062272909e-08 -2.6990061678482409e-08
 77.50000000 +5.0000000000000000e+00 +2.0000573449221006e+00 +1.8374661878372298e-03 +1.0000000000004206e+00 +1.0000001647575678e+00 +1.0000000535131306e+00 +9.9999996410760617e-01 +1.0000000906494442e+00 -7.0475228988064906e-08 -9.7398835996616657e-08 -1.6640716429343801e-09 +7.3523883766098370e-08 -1.7701181364899080e-07
 78.00000000 +5.0000000000000000e+00 +2.0000519137456871e+00 +1.8374661878814886e-03 +1.0000000000000313e+00 +9.9999996993806484e-01 +1.0000001083146262e+00 +9.9999997361441451e-01 +1.0000000053988072e+00 +1.2585396900459624e-09 +7.9354473086732897e-08 -8.4585286150566953e-08 -5.0101234594749663e-09 -4.8283392261970901e-08
 78.50000000 +5.0000000000000000e+00 +2.0002380808258606e+00 +1.8374661879541527e-03 +9.9999999999992750e-01 +1.0000000542605869e+00 +9.9999997737186075e-01 +1.0000000676107168e+00 +9.9999991453610093e-01 -8.2779146037609351e-08 +9.9003832787075380e-08 -9.0598475083281064e-08 -3.1541114898967370e-08 +9.2135348619257571e-08
 79.00000000 +5.0000000000000000e+00 +2.0006408190539342e+00 +1.8374661878532961e-03 +1.0000000000003699e+00 +1.0000001831136427e+00 +1.0000000463652856e+00 +9.9999991320393133e-01 +1.0000000035835366e+00 +3.4736013848235875e-08 -1.8202806859710521e-08 +5.4927143996038565e-09 +6.6793495881514855e-08 -2.3508433670571666e-07
 79.50000000 +5.0000000000000000e+00 +2.0002044196610513e+00 +1.8374661881280327e-03 +9.9999999999913514e-01 +9.9999997856058942e-01 +1.0000000129897937e+00 +9.9999983431863437e-01 +1.0000001240041898e+00 +2.4923993845976293e-08 +6.3304414279554385e-08 -2.7726132346190705e-08 -4.3391600924354304e-08 +3.3012654249180419e-08
 80.00000000 +5.0000000000000000e+00 +2.0003924818251462e+00 +1.8374661878404342e-03 +9.9999999999984956e-01 +1.0000000042192072e+00 +1.0000001018436573e+00 +1.0000000394817474e+00 +9.9999985655339885e-01 +7.5540007362686352e-08 -2.1897966148432155e-08 +1.7911025993892604e-08 -2.2427732330026285e-08 -5.1223955420242074e-08
 80.50000000 +5.0000000000000000e+00 +2.0003172452477447e+00 +1.8374661878858122e-03 +9.9999999999960021e-01 +1.0000000682444639e+00 +9.9999998626782682e-01 +1.0000001538528136e+00 +1.0000000115581476e+00 +2.3462583692971246e-08 -6.0416757135477662e-08 -1.7406016307395409e-08 -3.1151371976084063e-08 -1.3441328227651731e-07
 81.00000000 +5.0000000000000000e+00 +2.0001968578255829e+00 +1.8374661879172150e-03 +1.0000000000000060e+00 +1.0000000201112738e+00 +1.0000000500707662e+00 +9.9999988918727611e-01 +1.0000001395533498e+00 +1.4076710059568550e-07 +6.0220080468193920e-08 -1.1326993545870096e-07 -1.2605887727344932e-07 -6.0581017127137965e-08
 81.50000000 +5.0000000000000000e+00 +2.0001848248902578e+00 +1.8374661879542106e-03 +9.9999999999929212e-01 +1.0000001466578681e+00 +1.0000000210474542e+00 +9.9999995492009308e-01 +1.0000000323914511e+00 -1.2494007239366325e-07 +4.3281079177606270e-08 -9.4618524659853968e-08 -7.7261832112051758e-08 +9.8519648764973816e-08
 82.00000000 +5.0000000000000000e+00 +2.0001617628646833e+00 +1.8374661880579245e-03 +9.9999999999988309e-01 +1.0000000539865019e+00 +9.9999992917028258e-01 +9.9999984828779931e-01 +9.9999995713967149e-01 +2.2797811240394558e-07 -1.2465854623662948e-07 +5.0615708707381971e-08 +1.7642541671214871e-07 -1.1894541988431801e-07
 82.50000000 +5.0000000000000000e+00 +1.9998153701239121e+00 +1.8374661879263145e-03 +1.0000000000000402e+00 +1.0000000544930683e+00 +1.0000000216885514e+00 +9.9999990898734215e-01 +1.0000001486586789e+00 -1.7930383811424780e-07 -2.7892253597335582e-08 -1.2388260191606410e-07 +8.8833863194712856e-08 +1.0841735284891602e-07
 83.00000000 +5.0000000000000000e+00 +2.0006547580962346e+00 +1.8374661880183581e-03 +9.9999999999979983e-01 +9.9999996889553366e-01 +9.9999996742524000e-01 +1.0000000263503004e+00 +9.9999995645923112e-01 -8.1761319920689615e-08 +3.4327534445968655e-08 +1.1460239348312495e-07 +5.9756514798374442e-09 +7.7246291971924321e-09
 83.50000000 +5.0000000000000000e+00 +2.0001668940314117e+00 +1.8374661880210176e-03 +1.0000000000002858e+00 +1.0000000649421135e+00 +9.9999988551151153e-01 +9.9999999792330441e-01 +9.9999984903482997e-01 +1.0313551630111053e-07 +9.9521270936858854e-08 +1.1183960871846388e-07 -4.5522634596388360e-08 -6.6384381438447825e-08
 84.00000000 +5.0000000000000000e+00 +2.0009807090582696e+00 +1.8374661879585424e-03 +9.9999999999984190e-01 +9.9999983834317918e-01 +1.0000001355961932e+00 +9.9999998625757391e-01 +9.9999991788350862e-01 +4.7191788647272808e-08 -6.2599815706806625e-08 +6.7474427407174548e-08 +2.9689575343961832e-08 +4.0162933161021812e-08
 84.50000000 +5.0000000000000000e+00 +2.0012024066767586e+00 +1.8374661880396223e-03 +9.9999999999989986e-01 +1.0000000767085324e+00 +9.9999982753283856e-01 +1.0000000040775301e+00 +9.9999976114953104e-01 +2.0616084619690976e-07 +1.4304416501956945e-08 -1.2928695526322677e-07 +7.7147724787073022e-08 +1.6220513127634258e-07
 85.00000000 +5.0000000000000000e+00 +2.0003812935236613e+00 +1.8374661879690063e-03 +1.0000000000006233e+00 +1.0000000282173211e+00 +1.0000000020523978e+00 +9.9999998830400938e-01 +9.9999981356669632e-01 -4.2498439144822476e-08 -8.7661335453066069e-08 +1.4170162051435081e-07 +1.5286319095390919e-07 +3.4570362470261603e-09
 85.50000000 +5.0000000000000000e+00 +2.0005738692602635e+00 +1.8374661879355628e-03 +9.9999999999989353e-01 +1.0000000452136566e+00 +1.0000000184709588e+00 +9.9999984235177330e-01 +1.0000000294923481e+00 -7.9836417657408705e-08 -5.8090469930347836e-08 +1.1118280139253316e-07 +6.6983684198968282e-08 +2.4231237581792150e-08
 86.00000000 +5.0000000000000000e+00 +2.0005322424999772e+00 +1.8374661881984905e-03 +9.9999999999942313e-01 +9.9999989461082250e-01 +1.0000000275513179e+00 +9.9999987788846589e-01 +9.9999993337970838e-01 -1.7104958377002768e-07 -6.4144039907698250e-09 +1.6661180354574405e-07 +2.3506690061671225e-07 +4.2352662862306249e-08
 86.50000000 +5.0000000000000000e+00 +2.0004065381853029e+00 +1.8374661879601176e-03 +1.0000000000005245e+00 +9.9999985510272060e-01 +1.0000001275318331e+00 +9.9999988112179727e-01 +1.0000002577624745e+00 +2.5226642177239715e-08 +2.0551736949064906e-07 -2.1305495827344154e-07 -2.1029662654083555e-07 +7.1090846576163545e-08
 87.00000000 +5.0000000000000000e+00 +2.0006282797511918e+00 +1.8374661880318467e-03 +9.9999999999990075e-01 +9.9999981804814519e-01 +1.0000001411562525e+00 +9.9999982278063049e-01 +9.9999971521322462e-01 -1.6633597024458054e-07 +1.3833640137625730e-07 +2.5883045514783918e-07 +1.1377659790214289e-07 +1.5819387156869326e-07
 87.50000000 +5.0000000000000000e+00 +2.0001606280082220e+00 +1.8374661879223225e-03 +9.9999999999996669e-01 +9.9999984826481980e-01 +1.0000001801294065e+00 +1.0000000419342649e+00 +1.0000000584509801e+00 -8.8256913186901932e-08 -1.4062241566981031e-07 -2.9778507816581841e-08 -6.8843117977692402e-08 +1.9872135641620136e-07
 88.00000000 +5.0000000000000000e+00 +2.0013592504518294e+00 +1.8374661880571201e-03 +1.0000000000000611e+00 +9.9999992954044115e-01 +1.0000000426850983e+00 +9.9999994969878458e-01 +1.0000000259891877e+00 +9.5434220869585580e-08 -9.9500937689102789e-08 -9.2895807986923160e-11 +7.9309352274826132e-08 -2.3063012315060297e-08
 88.50000000 +5.0000000000000000e+00 +1.9997672440341228e+00 +1.8374661881049082e-03 +9.9999999999954303e-01 +9.9999999611892032e-01 +1.0000000049087368e+00 +1.0000001421596068e+00 +1.0000002385530991e+00 +2.0030981368856785e-08 -1.9761188434105105e-07 -2.6416003029999875e-07 -9.0714344753615108e-09 +6.9070170435486098e-08
 89.00000000 +5.0000000000000000e+00 +2.0016622800760904e+00 +1.8374661880176525e-03 +1.0000000000002789e+00 +9.9999994353728039e-01 +1.0000001127832883e+00 +1.0000000390296759e+00 +9.9999998275808577e-01 -2.1203995943854945e-07 +2.0263598478849367e-08 -8.2355336703903768e-08 +2.1144944789623390e-07 -1.5424966435570245e-08
 89.50000000 +5.0000000000000000e+00 +2.0009424111447429e+00 +1.8374661879444806e-03 +1.0000000000002855e+00 +1.0000000763725907e+00 +9.9999993442334389e-01 +9.9999990545300466e-01 +9.9999997902037030e-01 +2.0183649890459782e-07 +6.1587878937317424e-08 -8.4637377276102932e-08 -8.4541445069516075e-08 +1.0486282227354148e-08
 90.00000000 +5.0000000000000000e+00 +2.0004384798398100e+00 +1.8374661879453577e-03 +1.0000000000001645e+00 +1.0000000991479359e+00 +1.0000001267959431e+00 +1.0000000629083960e+00 +9.9999990420483809e-01 +1.6330479138485967e-07 -2.6429663459969781e-07 +5.4285364245048765e-08 -7.9257656664276963e-08 -6.7092314386106897e-08
 90.50000000 +5.0000000000000000e+00 +2.0013340549604237e+00 +1.8374661881668014e-03 +1.0000000000006579e+00 +9.9999978133451217e-01 +9.9999993847010515e-01 +9.9999989228943920e-01 +1.0000002318182970e+00 +1.6528347800582576e-08 +1.7491476172062809e-08 -8.5954562662645790e-08 +1.3699640487520407e-07 +7.1028605825368773e-08
 91.00000000 +5.0000000000000000e+00 +2.0004975651541645e+00 +1.8374661878897394e-03 +1.0000000000003657e+00 +9.9999970655615944e-01 +1.0000001401185834e+00 +9.9999995985567869e-01 +9.9999997771017357e-01 -2.4400621345324446e-08 +9.4725802409791715e-08 +1.5299296074064107e-07 +1.6852831927953231e-07 -1.7608559950429502e-07
 91.50000000 +5.0000000000000000e+00 +1.9999198045218409e+00 +1.8374661878643827e-03 +9.9999999999981504e-01 +9.9999992509267543e-01 +1.0000003042070400e+00 +9.9999999824896624e-01 +1.0000000860881531e+00 -3.1092487167273471e-07 +4.1700657447419846e-08 +1.6558648025303371e-07 -1.5824200588337083e-07 -5.1757811529474527e-08
 92.00000000 +5.0000000000000000e+00 +1.9997231587644884e+00 +1.8374661878774947e-03 +9.9999999999942135e-01 +1.0000001401431506e+00 +9.9999980212841788e-01 +1.0000002642156136e+00 +9.9999980979928904e-01 +3.8341957198092541e-08 -1.9979066952590326e-07 +1.8180896486586335e-07 -7.1179262452335343e-08 +3.4530220537626783e-08
 92.50000000 +5.0000000000000000e+00 +2.0003248442060135e+00 +1.8374661880921751e-03 +1.0000000000004508e+00 +9.9999995959015364e-01 +9.9999997261921869e-01 +1.0000000624336076e+00 +1.0000003137202484e+00 -2.2661754663341599e-07 +2.4125089954295937e-08 -1.8659014499502157e-07 +1.7405441753172920e-07 -9.3333250606695792e-08
 93.00000000 +5.0000000000000000e+00 +1.9999006333783556e+00 +1.8374661878423262e-03 +9.9999999999974232e-01 +1.0000000780392158e+00 +1.0000001837765711e+00 +9.9999988326929101e-01 +1.0000000661610402e+00 -2.7069261572576342e-09 -2.0237236969707108e-07 -8.9589268636887251e-08 -9.4313410909599811e-09 +9.2852767302896712e-08
 93.50000000 +5.0000000000000000e+00 +1.9993266593512000e+00 +1.8374661882385574e-03 +1.0000000000004232e+00 +9.9999997005201446e-01 +1.0000000911102520e+00 +1.0000000251639909e+00 +9.9999980278106726e-01 +1.1859710269677801e-07 +3.2449413259913388e-08 -3.3822790373513163e-07 +3.0055986497518154e-07 -2.4841177845292075e-09
 94.00000000 +5.0000000000000000e+00 +2.0005452643977915e+00 +1.8374661878967683e-03 +9.9999999999987843e-01 +9.9999991028122248e-01 +1.0000003594446936e+00 +9.9999986475035141e-01 +9.9999987723089823e-01 -4.0094357656155826e-08 -5.7964601962911990e-08 +1.0791262987473292e-07 +1.8519132558034174e-08 -4.0080469118988806e-08
 94.50000000 +5.0000000000000000e+00 +2.0005353230544554e+00 +1.8374661880521139e-03 +9.9999999999985711e-01 +1.0000003028424544e+00 +9.9999987338450214e-01 +9.9999986830663568e-01 +9.9999977191402201e-01 -4.0805831606211465e-08 -1.4944754514749127e-07 +1.0944963738891183e-07 +1.1368625661723851e-07 +1.5066929301022545e-07
 95.00000000 +5.0000000000000000e+00 +2.0003302928074556e+00 +1.8374661881238219e-03 +1.0000000000004488e+00 +9.9999993758067829e-01 +9.9999996609213715e-01 +1.0000000494949253e+00 +9.9999987228170306e-01 -1.8382337246038600e-08 +2.9688736206641090e-07 -1.3682125565703213e-07 +2.4872248817684062e-07 -2.1585389391355818e-07
 95.50000000 +5.0000000000000000e+00 +2.0010968459761802e+00 +1.8374661882689049e-03 +9.9999999999987355e-01 +9.9999971624222217e-01 +9.9999998504354015e-01 +1.0000000087480105e+00 +9.9999992469776744e-01 -1.1159565980712055e-07 +1.7474389179340186e-07 +3.8538918853318580e-07 +1.4627988235268917e-07 -2.2954934561109819e-07
 96.00000000 +5.0000000000000000e+00 +1.9997934650841567e+00 +1.8374661881964544e-03 +1.0000000000003968e+00 +9.9999986348335612e-01 +9.9999998775300258e-01 +1.0000000808379728e+00 +9.9999952482489263e-01 +3.3273689184176980e-07 +2.3957997668166411e-07 -2.5780537370576538e-07 +6.4214765204311365e-08 +1.6437610834269800e-07
 96.50000000 +5.0000000000000000e+00 +1.9998436404567133e+00 +1.8374661879862054e-03 +1.0000000000004037e+00 +1.0000000307392367e+00 +9.9999979744196144e-01 +9.9999985392661261e-01 +1.0000000402616112e+00 +1.6386886336191780e-07 -1.6921963914500666e-07 +1.0428807437217498e-07 +4.1802556669726111e-07 -2.3933066696411984e-07
 97.00000000 +5.0000000000000000e+00 +2.0003298885241452e+00 +1.8374661878306617e-03 +9.9999999999974665e-01 +1.0000001199558413e+00 +9.9999998713965277e-01 +9.9999967688655655e-01 +9.9999988058151157e-01 +2.7028081601773465e-07 -1.2626092078769185e-07 -1.3011199096180669e-07 +1.3951532905464373e-07 +1.8201220657067318e-07
 97.50000000 +5.0000000000000000e+00 +2.0007620105619339e+00 +1.8374661881241500e-03 +9.9999999999952316e-01 +9.9999994472985132e-01 +9.9999982501966767e-01 +9.9999978835648862e-01 +1.0000000187585805e+00 +7.7787190297891860e-08 -6.8406984573565707e-08 +3.0454870824506054e-07 +1.7996536634868201e-08 +9.1208054900042336e-08
 98.00000000 +5.0000000000000000e+00 +1.9992534537594953e+00 +1.8374661881038899e-03 +1.0000000000004734e+00 +9.9999972571265283e-01 +1.0000000703849947e+00 +1.0000000671326330e+00 +9.9999989346446982e-01 +4.2932245021548690e-07 -1.1539684547486900e-07 -1.1269172294021873e-07 +1.1012800411929075e-07 -6.8054756740488972e-08
 98.50000000 +5.0000000000000000e+00 +1.9992634435006502e+00 +1.8374661880341146e-03 +9.9999999999980849e-01 +1.0000005244792678e+00 +9.9999993062123815e-01 +9.9999946848160726e-01 +1.0000001774447442e+00 -9.0664586849514177e-08 +5.3718821520680422e-09 +1.9251060210275479e-07 -3.4858964782334812e-07 +1.4034411998440331e-07
 99.00000000 +5.0000000000000000e+00 +1.9991808325555265e+00 +1.8374661879423091e-03 +1.0000000000000435e+00 +9.9999987922292977e-01 +9.9999989258360122e-01 +1.0000000903582382e+00 +1.0000003837314035e+00 -6.1989220197571921e-08 -7.7971524088930253e-08 +1.7035551837635002e-07 -1.1329257782866636e-07 -1.6299820792943755e-07
 99.50000000 +5.0000000000000000e+00 +1.9993022476725104e+00 +1.8374661879344990e-03 +1.0000000000000739e+00 +9.9999976199581131e-01 +1.0000001093070916e+00 +1.0000002424175300e+00 +9.9999962880473403e-01 +1.1242320063854911e-07 -6.8685609013518800e-08 +1.7992952493469500e-07 +3.2022865102944761e-07 -2.8642064454661127e-07
100.00000000 +5.0000000000000000e+00 +2.0012434895924098e+00 +1.8374661877324529e-03 +1.0000000000001075e+00 +1.0000000059268821e+00 +9.9999989496735198e-01 +9.9999989687210877e-01 +1.0000001432995678e+00 -4.2645510619268606e-08 +7.2740364883077414e-08 +2.3891841534381210e-07 -1.0418252683542289e-08 -1.9966050276659872e-07
