#discretizing the bath:
#     0 0.0000000000000000e+00 1.3780996409462332e-01
#     1 3.3333333333333335e-03 -1.8374661879283108e-01
#     2 3.3333333333333335e-03 -1.3780996409462332e-01
#     3 3.3333333333333335e-03 -9.1873309396415540e-02
#     4 3.3333333333333335e-03 -4.5936654698207770e-02
#     5 3.3333333333333335e-03 0.0000000000000000e+00
#     6 3.3333333333333335e-03 4.5936654698207770e-02
#     7 3.3333333333333335e-03 9.1873309396415540e-02
#     8 3.3333333333333335e-03 1.3780996409462332e-01
#     9 3.3333333333333335e-03 1.8374661879283108e-01
  0.00000000 +5.0000000000000000e+00 +1.9999999999999998e+00 +1.8374661879283106e-03 +1.0000000000000000e+00 +1.0000000000000000e+00 +1.0000000000000000e+00 +1.0000000000000000e+00 +1.0000000000000000e+00 +0.0000000000000000e+00 +0.0000000000000000e+00 +0.0000000000000000e+00 +0.0000000000000000e+00 +0.0000000000000000e+00
  0.50000000 +4.5584016895891897e-03 +1.8233315201456584e-03 +1.6728401948239462e-06 +9.1168559085954572e-04 +9.1168033791780008e-04 +9.1168033791855989e-04 +9.1168033791817911e-04 +9.1168033791780008e-04 +3.5453282134820034e-11 -7.9148525247666968e-09 +2.8548016873189265e-09 -4.9720450160529122e-09 +4.7436996873016257e-09
  1.00000000 +4.0015908832114677e-03 +1.6006171017516097e-03 +1.4706020143036849e-06 +8.0031876403816472e-04 +8.0031817691817949e-04 +8.0031817816725325e-04 +8.0031817641591535e-04 +8.0031817730107145e-04 -4.2151707659731652e-09 +8.7040903956813996e-09 -1.8714145517551284e-09 -1.4259010285403838e-08 +1.1051875845430642e-08
  1.50000000 +3.1282289311140837e-03 +1.2513054129826360e-03 +1.1359780941706813e-06 +6.2567885287344326e-04 +6.2564578406399090e-04 +6.2564577789715574e-04 +6.2564578626256968e-04 +6.2564578418450572e-04 -2.5400829596826561e-10 -2.3887283124889372e-08 -6.7492812854424841e-09 +4.9843998164505927e-09 -7.1479946772570873e-09
  2.00000000 +2.1963663709456162e-03 +8.7878662516703110e-04 +8.1222501041681784e-07 +4.3925919770562249e-04 +4.3927327006684514e-04 +4.3927325246979351e-04 +4.3927327785801834e-04 +4.3927326903684983e-04 +8.5545558382451111e-09 +1.3042440463575504e-08 -3.3090244955410399e-09 +7.8215107739483718e-09 -1.2005674102975181e-08
  2.50000000 +1.7976493516737640e-03 +7.1919629561306231e-04 +6.7992941597081879e-07 +3.5948289341233998e-04 +3.5952987288623365e-04 +3.5952989844932176e-04 +3.5952985645965215e-04 +3.5952988732548851e-04 -4.2930441251400139e-09 +1.5098095375825304e-08 +1.9963314975558433e-08 -6.0609622159815075e-09 +2.2235736720479058e-08
  3.00000000 +1.2111609008144315e-03 +4.8366589895403571e-04 +4.3450137429701723e-07 +2.4225231492232185e-04 +2.4223218228847351e-04 +2.4223218701229627e-04 +2.4223217836225264e-04 +2.4223213634491322e-04 +2.3768501207346160e-09 +1.9801462051819234e-08 -1.7666613708057142e-08 -5.1226253555454074e-08 +2.6616439260688262e-08
  3.50000000 +8.4796519243888894e-04 +3.3898770684249340e-04 +3.4660015733099303e-07 +1.6950101404701416e-04 +1.6959304041897218e-04 +1.6959302497270476e-04 +1.6959306496011644e-04 +1.6959304848866420e-04 +6.7239199305117551e-08 -8.0243492277293464e-08 -8.3437542454039607e-10 +5.2404874150276328e-08 +5.3433345661945932e-08
  4.00000000 +3.6254062500473461e-04 +1.4483434871292205e-04 +5.2648988708809810e-08 +7.2721260448242058e-05 +7.2508042287479146e-05 +7.2508144981080910e-05 +7.2508132567733501e-05 +7.2508196033280243e-05 -1.9222619947250909e-09 +5.3440205597523693e-08 -2.5509496118389275e-08 -1.3700516872799594e-07 -1.0215459183999301e-07
  4.50000000 +4.5802721960959972e-04 +1.8252646937061390e-04 +1.4228886883013917e-07 +9.1684253585368766e-05 +9.1605403633151792e-05 +9.1605453065869531e-05 +9.1605612660743442e-05 +9.1605353629178947e-05 -6.7716841074943916e-08 -3.1626717148826761e-08 +1.3401304036087718e-07 -3.2799394150814186e-07 +2.1446749465470144e-07
  5.00000000 +1.5194508550695534e-04 +6.0057141699117044e-05 +4.6921004265505256e-07 +2.9340437659362036e-05 +3.0388966552503200e-05 +3.0388909289527734e-05 +3.0388993068734444e-05 +3.0388884415593398e-05 +9.6269704973328775e-08 +2.8101242615218086e-07 -2.6718631603346757e-08 +5.9316078501000085e-07 +1.0517023670207120e-07
  5.50000000 +1.9463928209823513e-04 +7.7858741444123206e-05 +1.2396141353912122e-07 +3.8788497843032094e-05 +3.8927845159722746e-05 +3.8928081201180366e-05 +3.8927827222347135e-05 +3.8927784947691131e-05 -3.0877008812835157e-07 -1.3293251385996825e-07 -3.6021762413951915e-10 +5.8384292065857465e-07 -2.5343767852457084e-09
  6.00000000 +7.6489534373533079e-06 +2.3688280558086982e-06 +5.8524473540576890e-07 +4.0722882548421314e-11 +1.5300835475266666e-06 +1.5293962983656961e-06 +1.5295801980889426e-06 +1.5300616455623876e-06 -2.1829664198543266e-09 +1.1799467562656038e-10 +1.4042523769802146e-06 +2.9927170333373562e-08 +9.7676449357718115e-08
  6.50000000 +1.3531783252489308e-05 +2.8657897994419772e-06 +1.2280959854534024e-06 -4.2654036512474959e-07 +2.7062304189900033e-06 +2.7062569360557897e-06 +2.7065070961749624e-06 +2.7070514497056842e-06 -2.5657242145029105e-07 -3.2074568668653197e-08 +3.3136839529359116e-06 +1.6851467369587034e-07 -6.1273919825227349e-08
  7.00000000 +3.3328113735302737e-06 +1.1318351299540511e-06 +2.2875375871090028e-07 -1.4134315295219024e-09 +6.6681817398366368e-07 +6.6710655898275537e-07 +6.6658720822647085e-07 +6.6714932776954810e-07 +2.5782450621680476e-07 +5.4502439801941032e-09 +2.7667545263232384e-07 +1.2713569289093504e-07 -5.2235962288846487e-10
  7.50000000 -4.6528692729077054e-06 -1.4229364461081659e-06 -2.8062412295308778e-07 +2.5657866545605836e-09 -9.3023981325185911e-07 -9.3306656362453513e-07 -9.3066968648049636e-07 -9.3088320895685503e-07 -2.0484619325852535e-07 -1.5888675044683003e-08 -1.9626446095466624e-07 -3.8065661791709880e-07 -1.3291984007356257e-07
  8.00000000 -1.4398615551629205e-07 +7.6150240772268013e-09 -8.2006171546133464e-09 +2.2638597049758421e-09 -2.8774592056646394e-08 -3.0669201505860195e-08 -2.9223306062056368e-08 -2.8791044821437809e-08 -4.3102043293051557e-08 +2.5864175384566738e-09 -8.3572053357726839e-12 +1.2080258670858792e-08 -3.4814648619570962e-10
  8.50000000 +5.3016178558369866e-07 +8.9627306619891160e-08 +3.0218429420589843e-08 +1.7911097931592413e-09 +1.0510806621890564e-07 +1.0598827668459048e-07 +1.0613248705176613e-07 +1.0510941286419398e-07 +2.3594201865692340e-09 +9.6955540336667668e-08 -2.8258703602632039e-10 +6.2306363844288399e-09 +7.6942309944725834e-10
  9.00000000 +2.7312096433797573e-07 +2.5109314690292314e-08 +9.3918346214395264e-09 -7.7193425278461508e-10 +5.4785054264415365e-08 +5.3991723241705979e-08 +5.4623338001371870e-08 +5.5862082590368677e-08 -1.6825610706551193e-10 +3.7880291481963475e-12 -7.1855760182957277e-10 +1.2174666289913296e-10 +5.5391979509746506e-08
  9.50000000 -1.7996337471064330e-08 -2.5924131088036561e-08 -7.6789094496296238e-09 +2.3300852576293525e-10 -3.2385865025795791e-09 -3.5934780442556592e-09 -4.1061138959320866e-09 -3.6841939144421970e-09 -3.1025055803046761e-10 +9.1405628378365587e-10 -3.6025101737579413e-12 -3.8256822900180098e-09 -3.8149456517914226e-10
 10.00000000 +6.7170746323831476e-06 +2.9770106645141166e-06 +2.0266554743400496e-07 +1.2403579415586190e-09 +1.3434090485302241e-06 +1.3421808352325765e-06 +1.3434091207922096e-06 +1.3434092185450857e-06 -1.0757371213633405e-08 +7.9530494673655147e-12 +6.2533177910850086e-12 +3.7338049609837374e-13 +1.3541688428073653e-06
 10.50000000 -1.1841312058727531e-06 -2.6222500542319399e-07 -4.3969429585406661e-08 -4.1713659265003098e-08 -2.3698416135120300e-07 -2.3677247824448570e-07 -1.9500630748826099e-07 -2.3682455301728318e-07 +4.6633549583944130e-13 -1.9502971069582235e-07 -2.2493878509068347e-12 -4.1796380408705005e-08 -2.1723496351834887e-12
 11.00000000 +1.9028048360997745e-07 +6.6023130466222078e-08 +4.5558159608905820e-10 +3.8063338416655709e-08 -5.9517090335474331e-09 +3.8053823512112981e-08 +4.3996570563884618e-08 +3.8055429931591485e-08 +4.4007914373865479e-08 +3.0707718982587793e-12 -5.9542621193459917e-09 +2.4265586093133761e-12 +3.8806342531740663e-12
 11.50000000 +1.5060306290918581e-11 +1.2418846648128731e-12 +9.2941110123355652e-13 -1.2750626505443737e-13 +3.0420933319000457e-12 +2.0158950880774043e-12 +8.6749733267483220e-13 +3.0197765273792941e-12 -3.5060847338201769e-14 -5.9691217891446218e-14 +3.2002051935221606e-12 +2.1464286195240855e-12 +9.9066852812479676e-13
 12.00000000 +2.4665964342342639e-11 +6.2215470120183787e-12 +1.2925840141808171e-12 +1.3378386784213747e-13 +4.9404420397250341e-12 +4.8069158745467154e-12 +2.2338483009278540e-12 +2.7452380194407463e-12 +3.6218952304475274e-12 +3.9025506352341521e-12 +3.1298815364665433e-12 +1.1739611820766718e-13 -9.6598728049574967e-13
 12.50000000 +2.5568861692531164e-11 +1.4422224131035560e-11 +1.4525229057045835e-12 +7.6031658373888981e-13 +4.2593927001660565e-12 +5.0918692583063572e-12 +4.6464294856434470e-12 +5.2229374202862548e-12 +6.6067352351549034e-14 -4.2006163381708891e-13 +3.8687339040447204e-13 +5.6257941954081318e-12 -7.0757059956821104e-14
 13.00000000 -1.2157308855029315e-10 -1.4650998603849253e-11 -3.5699244050568624e-12 -1.8291837823312008e-11 -6.0223030936017641e-12 -1.5462762772066866e-11 -2.7137347825463333e-11 -2.4315119988068007e-11 +2.8942911065107152e-12 -6.0284292980886817e-12 -2.7208883037440218e-11 -1.6426146867127291e-15 +9.4679592417082856e-16
 13.50000000 -4.2759675392053383e-07 -7.2735061939212478e-08 -1.2001461583976675e-08 -8.5514706847857760e-08 -8.5519321999825197e-08 -8.5519320246771544e-08 -7.4872454151636260e-13 -8.5518627901616316e-08 -5.4993541443684526e-12 -3.2540602596062932e-14 +1.1535080671277178e-13 -8.5513830634922701e-08 -4.7810210587334100e-12
 14.00000000 +2.8980973984039568e-08 +9.9106888026793061e-09 +3.0467498701132054e-11 +5.8722090307352274e-09 +5.7961652886876632e-09 -7.5654653540919054e-11 +5.8717133743982770e-09 +5.7962203581603073e-09 +5.7968807613819967e-09 -7.5875086330024173e-11 -7.9647381221249215e-13 +1.1018092020589093e-13 +1.2034389824805854e-15
 14.50000000 -1.6968415545205104e-11 -4.6081537053722580e-13 -8.8825600644439553e-14 -7.2929380710635447e-13 -3.0047407656378870e-12 -2.6828133796256593e-12 -3.8996560833724355e-13 -3.4915879617198969e-12 -3.0332068532660794e-12 -3.3705497964120042e-12 +6.3020405586222534e-14 -2.8430268697744171e-15 -3.2643475181640347e-13
 15.00000000 +1.1234535069302068e-11 +2.0639510947203339e-13 +2.2668721934570638e-13 +1.5227174705602007e-13 +2.2392652358411758e-12 +2.0827546995375544e-12 +1.6040174248260754e-13 +2.2510920100260464e-12 +2.0865150113326032e-12 +7.1587779160800495e-15 +8.1916576504221912e-15 -6.4198171043348441e-17 +2.2469483856305485e-12
 15.50000000 +1.9808018579786663e-09 +2.2619601884876216e-10 +5.1249616891653236e-11 +3.9615952305203775e-10 +3.9616152587013758e-10 +3.9619079548008764e-10 +3.9615782891238670e-10 -2.9258014440198286e-14 -8.6996376751657772e-17 +3.9618772693779342e-10 -2.7304238064860325e-14 -1.2924320798378063e-15 +2.3994071911799203e-15
 16.00000000 -9.0434555897719079e-13 -6.0004459059872607e-14 -4.7947782181427111e-14 -1.8063970043518856e-13 -1.8047068279004599e-13 -1.8058445048243953e-13 -5.5948313207314007e-16 -1.8303976390983331e-13 -1.8029723785868995e-13 -9.5509190049148736e-18 -2.3158370142359316e-16 +2.0812903404249833e-15 -5.9439608891891136e-16
 16.50000000 +1.3193723183536429e-14 +1.4471164620101939e-15 +3.4293379283169194e-16 +4.7731465746624998e-16 -6.5671208940512501e-16 +3.3214304662572695e-15 +2.1420408032847350e-15 +2.6293309795288653e-15 +3.2975434663229900e-15 +2.1626985655162922e-15 -6.5899798373970411e-16 +1.1519498241918800e-15 -6.7287550588703457e-16
 17.00000000 -9.3643610770763375e-14 -2.7443026182365761e-14 -8.2236509602422020e-16 -1.8160221920956512e-14 -1.8417917682651041e-14 -3.2190551483487462e-17 -1.8729574626449039e-14 -3.4191711136252072e-16 -1.8699680389524163e-14 -1.8128724120843188e-14 -2.5250955899895402e-16 -3.1314938744854091e-16 -5.6772542104587987e-16
 17.50000000 +1.0411647626582894e-14 +2.6813161963813032e-15 +5.6551067085057859e-16 +2.5521849960265825e-17 +2.0817290549989577e-15 -5.2254213631291473e-16 +2.6093792931602426e-15 +2.6074916702247238e-15 +2.0482912654297349e-15 -5.2549179633959996e-16 +3.1953487574615883e-17 -5.2122011596252824e-16 +2.5765350538493915e-15
 18.00000000 -1.7436104745044321e-12 -2.8888916080477337e-13 -3.1934639869212119e-14 -3.4841638440760131e-13 -3.0565619788578726e-16 -3.4871747370238854e-13 -5.1796762228770063e-13 +1.6895793089615568e-13 +1.7557254721393194e-13 -4.3353956642443264e-13 -9.6784164430276368e-14 +8.5108555240921457e-14 -4.2751864040515696e-13
 18.50000000 -1.7378885313741294e-14 +5.3152277692863436e-16 -3.7773101745882806e-16 +1.6072819631385963e-16 -3.5370813160977635e-15 -3.6478174920273787e-15 +9.6574247583609182e-17 -3.4505794969763425e-15 +2.2765200925896265e-16 -3.6425459981819666e-15 -3.5854320414160448e-15 +1.1154051750581500e-16 -1.1192393970407055e-16
 19.00000000 -8.7788584553113036e-12 -5.8427117268366857e-13 -5.4237839732200958e-13 -1.7560374324229162e-12 -1.7552992789437877e-12 -1.7554343762434298e-12 -4.7171381872406781e-16 -3.4354470596218277e-16 -1.7551150676804646e-12 -1.7550399291213936e-12 -6.5662953509714138e-16 -5.2806049169869546e-16 +6.7577652169655976e-17
 19.50000000 -5.5196454222975890e-10 -2.5723360598518433e-11 -4.3864899372759227e-12 -5.6834791278230838e-18 -1.1039290787384227e-10 -1.1039290838039562e-10 -3.8577501041009540e-19 -1.1039290844259829e-10 -3.4343263391910016e-19 -1.1039290242778488e-10 -5.6959373769794422e-18 -5.8833131420950088e-19 -1.1039290240818338e-10
 20.00000000 -2.7753307916062930e-16 -1.2593733232426210e-17 -2.3129016672803492e-19 -4.1990040824702755e-18 -5.5621834839642371e-17 -5.1511405131827893e-17 -5.1588451970655959e-17 -3.7040322163260253e-18 -5.1599929239130736e-17 -4.0031055850698051e-18 +4.4272826595603862e-19 -5.5718352570560092e-17 -2.9691790902833221e-20
 20.50000000 -5.5679993749817936e-14 -1.7970428319353006e-15 -7.3621808456685680e-16 -1.4214207234361856e-16 -1.0571805931355800e-14 -1.0703224191144722e-14 -4.3294388022587901e-16 -1.1136084135231800e-14 -1.1134165439487211e-14 -4.3467345568292363e-16 -4.2189831773922056e-16 -1.6537315145604536e-18 -1.0701402595092134e-14
 21.00000000 +5.1524180530263569e-14 +2.3224906145787770e-14 +7.0477243473894037e-15 +3.5011601399856127e-14 +9.8487489470909508e-22 -2.4706799114843571e-14 +1.0304835022048356e-14 +1.0304853384647398e-14 +1.0304861041990798e-14 +1.0304862975453390e-14 -1.6041761676196577e-20 -2.5986935574201849e-20 +6.8649334404407882e-21
 21.50000000 +7.9473823671726869e-17 +8.7342546554952000e-18 +3.4625599451305801e-18 +1.5874316664993029e-17 +2.7011227872670625e-22 -2.4724647680527742e-20 +1.5895321459258416e-17 +1.5921743605980643e-17 +1.5921116189444496e-17 +1.5939675782244014e-17 +8.6141476872433151e-22 -4.6594887067987897e-20 -8.1620224926326901e-21
 22.00000000 -4.0290587526263661e-18 -4.9094431763615757e-19 +3.5275167788634449e-20 -1.4656314227878652e-21 -1.1470543157920370e-18 -1.1470841150303688e-18 +3.4127861363516367e-19 -1.6765988854837110e-20 -8.0435033390039459e-19 +3.3973424950587470e-19 -1.1455471159407507e-18 -6.1110922331730329e-23 -4.4774300390389094e-19
 22.50000000 -6.9175860542682885e-17 +2.8760470036771870e-18 -7.4306925022098824e-19 -8.6153179752186728e-21 -1.3827079330239501e-17 -1.3825442286850251e-17 -1.3835530529067883e-17 -1.3830024764602809e-17 -9.8225814790620565e-21 -1.3883708674000824e-17 -4.3764809635372302e-21 -1.3449693451626541e-20 +6.2189115947849202e-20
 23.00000000 +6.7902417168233751e-19 -4.4469912376559391e-20 +3.7835715047487939e-20 +9.6434370187829187e-20 +1.3580494952656016e-19 +1.4938482337612901e-19 +1.4936572355614860e-19 +2.7286561173433354e-20 +1.5083971805437716e-19 -1.3582220336755191e-20 -1.4760655446985902e-21 -1.5046779464577768e-20 +1.3091153890523151e-23
 23.50000000 -4.0192331627237515e-20 -5.8623744049479211e-21 -3.5481472202339208e-22 -1.8753474083249430e-24 -8.0755131382345627e-21 -5.7334313577730912e-22 -7.4285141736406231e-21 -7.4651642982661210e-21 -5.7173112895052396e-22 -6.1382045793764820e-22 +5.1022544543269181e-25 -7.4280297389111426e-21 -8.0348504335567401e-21
 24.00000000 +3.3229220966496049e-20 +3.6622196198291383e-21 -6.3722070405952092e-22 -1.6654979711719611e-21 +6.2940021165065966e-21 +8.6630389766800068e-21 +8.3130681829051447e-21 -1.6656044949048736e-21 +8.6530251409224218e-21 -2.0191959019616000e-21 +8.6548970522737402e-21 +1.2224894473413630e-23 -2.0107370292268965e-21
 24.50000000 +1.5760737620051715e-13 +3.9523935407886227e-14 +4.3094378019357468e-15 +3.1522197887361028e-14 +3.1521470676630000e-14 +3.1521474530136743e-14 +4.5660363735327667e-21 -7.2650558574451595e-19 +3.1522201742495065e-14 -7.2579373970042854e-19 -7.2193456563458971e-19 +3.1522201032077314e-14 -3.2812769363772321e-25
 25.00000000 -1.9720539645293468e-17 -4.0036629930864986e-18 -5.3666239403411661e-19 +8.9155607748139599e-26 -3.9441546228407893e-18 -3.9441079331048545e-18 -3.9441402689553743e-18 -3.9440953977643057e-18 +3.2234596666656644e-23 -3.9441546050935320e-18 +4.6680394573437882e-23 +3.2490501470327003e-23 +1.6878170716786845e-24
 25.50000000 +1.3486783728144249e-13 -3.4232723634841675e-14 +4.0913576253532282e-15 +2.0561919001915144e-21 +2.6973565398601826e-14 +2.6973567371698232e-14 +2.6973075649196398e-14 +2.0620515447667407e-21 +4.9180665143492903e-19 -1.9065529785966745e-19 +2.6973758098351820e-14 +4.8984136217572247e-19 +2.6973075652635371e-14
 26.00000000 -4.4984394542559914e-16 -5.5065126601117585e-17 -1.7820206643735755e-17 -8.9968771377237863e-17 -8.9965771431989060e-17 -2.6703397818789243e-21 -2.6719361960852050e-21 -7.2031569657329207e-24 -2.9991664242718456e-21 -8.9966118727795594e-17 -3.9049660447862240e-22 -8.9968405434011772e-17 -8.9966139312399194e-17
 26.50000000 +9.3027536954780482e-18 -2.2332526466470462e-19 +8.1025191615837634e-19 +1.8605405579709244e-18 +1.8605503849072549e-18 +1.0970922583669158e-23 +1.8563838532240517e-18 +4.1661406028233163e-21 +1.8605506946849055e-18 +1.8563838013172356e-18 +4.1571137774542872e-21 +9.8090118520881044e-24 +3.6905895463002622e-25
 27.00000000 -7.2941499386297593e-19 -2.0793210709637895e-20 -1.6964529935420711e-20 -4.5087149792737566e-21 -1.4135140153604289e-19 -4.8842298251769987e-23 -4.5646417692956371e-21 -1.4586594555996758e-19 -1.4131735361130645e-19 +8.7718349793554121e-24 -1.4586028669464201e-19 -1.4134021142020990e-19 -4.5663678289651132e-21
 27.50000000 +4.9261892274459758e-17 +4.8570977185867561e-18 +1.3518107537454010e-18 +2.5769495912836868e-19 +7.6552165705097099e-22 +9.5950329983084506e-18 +2.5811097572198420e-19 +9.8516119777900522e-18 +9.5939179741853588e-18 +2.5734641217144330e-19 +9.8512624706049010e-18 +9.5950330028111223e-18 +1.1159820810126909e-21
 28.00000000 -8.6844612457094530e-22 -4.9198969693297890e-23 -5.3668399652023116e-23 -1.7369028257060482e-22 -1.7368454443275723e-22 -1.3525702179823460e-27 -1.7368703438398308e-22 -6.8160472732379794e-27 -1.7368719393554582e-22 -3.5347399989584503e-27 -1.7368324570063661e-22 -9.1610165291783102e-29 -2.0285797604873206e-27
 28.50000000 -1.1082359122187465e-23 -1.2453187949393330e-25 -3.8289421743781573e-25 -6.1298692400421806e-25 -1.8478065383614644e-24 -1.6035214094364201e-24 -1.8419054812272120e-24 -2.4489157271440266e-25 -6.0626110402375936e-25 -3.7490623090619627e-25 -1.6148372766687660e-24 -3.7582167462324410e-25 -1.9594209102217764e-24
 29.00000000 +4.7246549641984008e-22 +2.9658132728833186e-23 +6.8787393126718764e-24 +1.1250122867471599e-25 +9.4185649823609209e-23 +9.4362495673211089e-23 +9.4475500723888142e-23 +4.3863004884032058e-25 -5.0843927118273227e-28 +9.3782671930535684e-23 -4.7520873381807038e-28 +9.4801642445427457e-23 +3.0738819365859551e-25
 29.50000000 -2.0064159156079175e-23 -1.3057150044732536e-23 +2.4191393753888961e-24 -4.0131622449211460e-24 +4.3466516862556355e-28 -1.7964397941455049e-24 +5.9793241638267685e-28 -2.2165112871521992e-24 -4.0129673576407725e-24 -2.2169097380180789e-24 -4.0129498031050775e-24 -1.7962518103846836e-24 +2.8170327250280061e-31
 30.00000000 +8.8670032954022334e-22 -1.1577878311208407e-22 +2.1056607652494088e-23 +7.3051916048495474e-24 -1.5439965490926697e-23 +1.6997280348249864e-22 -6.1710602817877553e-26 +1.7740031627629118e-22 +1.5459577044027240e-22 +1.9278003143827596e-22 -1.5440088172153502e-23 +2.2745879649494769e-23 +1.9284210091444114e-22
 30.50000000 +2.5892383669967310e-20 +2.0962170507012929e-21 +8.7531893534698859e-22 +5.1784767400442995e-21 +2.0178410868054893e-24 +5.1781408072636441e-21 +5.1781408268897745e-21 +5.1764588851396876e-21 +3.3591721501469976e-25 +5.1764588921932827e-21 +3.3591852689531382e-25 -1.6781608344058154e-30 +2.0178432860594134e-24
 31.00000000 +1.2723200313233601e-25 +1.3972029543341522e-26 +5.9382546637454234e-27 +2.5406608005349557e-26 +2.5446409043902578e-26 +1.8100446867131366e-27 +9.4253619352085945e-31 +3.9291502026669759e-29 +2.3636938270601567e-26 +1.8476624771591737e-27 +2.5445245849853875e-26 +9.1205173973760230e-31 +2.3597948708796228e-26
 31.50000000 +2.4834347386942976e-22 +6.1721376266104599e-23 +2.4850416739668565e-23 -8.1914580328281487e-28 +4.9668627149601601e-23 -2.3822748516215314e-34 +4.9662605504830604e-23 +6.1852795432882554e-27 -9.1970345155703671e-28 +4.9663388794902851e-23 +4.9669588002702038e-23 +5.2717486620965212e-27 +4.9669546238680033e-23
 32.00000000 -2.5680307603075092e-26 +1.6580532339197680e-29 -5.9246901861986407e-28 -2.3911678974469731e-29 -1.6772258505403712e-27 -4.1533896320961299e-27 -4.4303566159467291e-28 -5.1121493777300670e-27 -1.2581843005751328e-27 -3.2071077690751612e-27 -1.2534160340973144e-27 -5.1123172512149071e-27 -3.4395700471768798e-27
 32.50000000 +5.7278757173610675e-23 +1.0914634940927936e-23 +2.7640226430971951e-24 +1.1520602868346702e-23 +1.7840798361604478e-30 +1.1455749679514476e-23 +1.1455751410594250e-23 -6.4849680192592308e-26 +1.1520602875676323e-23 -6.4851442569238597e-26 -6.4851412442711197e-26 +1.1520601095742782e-23 -5.1390834481783289e-33
 33.00000000 -3.1519601235810014e-24 +2.3179927971170613e-25 -3.1989943898724939e-25 -6.3018317280928286e-25 -6.3036081146651385e-25 +3.0504613203303938e-32 -2.0856344743007598e-28 -3.1181092923413201e-29 -6.3036898764871022e-25 -4.8146694816952787e-31 -6.3039203655959102e-25 -2.0835877189238360e-28 -6.3020656082232162e-25
 33.50000000 +1.9374395405203305e-27 +7.0838498628296119e-28 -1.5998930308407531e-28 +3.8712423809865844e-28 +3.8820010687575302e-28 +3.8141822231496853e-31 +3.8822530762959855e-28 +3.8747024101803920e-28 +1.7684330343226701e-32 -7.5515928933686732e-31 -7.1231938211049904e-31 +4.5599339344792160e-35 +3.8748797741773373e-28
 34.00000000 -1.9097081945018182e-26 +9.2626417149471432e-27 +2.7912219883109706e-27 -3.8194701256080580e-27 -3.2512828257892663e-27 -3.8850609843374394e-27 -3.8206911292200644e-27 -5.6554026262667706e-28 +1.2581405397023797e-30 +1.5182339488497158e-32 +6.4463185252577118e-29 -1.3567362364717659e-30 -3.8194163893319885e-27
 34.50000000 +4.7348996677222222e-26 +1.0317625520773210e-26 +1.5148310877156888e-27 +9.4699390403755497e-27 -1.3970604610841598e-31 -1.2858635460137585e-31 -1.1117481808964165e-32 +9.4698104472143649e-27 +9.4699279297481792e-27 +6.7911658322051788e-36 +9.4699914533356194e-27 +9.4697993274963952e-27 -1.9211785652968311e-31
 35.00000000 -8.8307488671708819e-27 +4.3966510027100044e-28 -4.9339604783752656e-28 -1.7661587731516929e-27 +9.3102139877800678e-33 -1.7661500853622117e-27 -1.7661499273928068e-27 +1.5213007686933624e-34 +9.1395189308290282e-33 +3.1212703088444035e-34 -1.7661501134048638e-27 -1.7661588834925671e-27 +1.6432326984060782e-36
 35.50000000 -1.2786798480085328e-25 -2.9177467851005124e-26 -4.5327941055171074e-27 -1.0683599587169496e-33 -2.4032055805719452e-26 +1.9918014449296988e-36 -2.5573596885049259e-26 -1.5415401640711498e-27 -2.5573594975138456e-26 -2.4032057336274603e-26 -2.4032056911650908e-26 -1.5415408670612832e-27 -1.5415407895199664e-27
 36.00000000 -5.1836347072249632e-21 -1.4116452826355675e-21 -2.7577744433770161e-22 -2.4977944570257825e-29 -1.0367269414381701e-21 -1.0367269414431140e-21 -6.8222222941680419e-33 +3.9472885826213731e-37 -1.0367269414499347e-21 -1.0367269164689280e-21 -2.4971122790171685e-29 -1.0367269164670479e-21 -1.8788516128940785e-33
 36.50000000 -3.6671281703604863e-25 -9.7021803237031593e-26 -2.9663037952006433e-27 -7.3342614854338261e-26 -7.3491204749504309e-26 +6.6233618477756293e-32 -7.3491234137643669e-26 -7.3342651517674699e-26 -7.3491204728339131e-26 +1.4869280868606307e-28 +1.4867073054408677e-28 +1.4862679846915231e-28 +3.6380133744021491e-32
 37.00000000 -3.8777832442152476e-24 -7.6432734594027287e-25 -4.7173782178021063e-26 -6.4968549121993543e-36 +1.4411542233067786e-36 -7.7555664884219783e-25 -7.7555664884305806e-25 -7.7555664883898423e-25 -7.7555664921678490e-25 -7.7555664883628574e-25 -9.9425294663597880e-37 +3.6753813078400964e-34 +5.7649040629769406e-37
 37.50000000 -1.7394303736140785e-28 +6.9188487869150790e-30 -1.8452029283197249e-29 -3.2883286764481521e-29 -4.4544203960824194e-33 +1.9269703998879502e-32 -3.4807877145058734e-29 -1.9097759379770448e-30 +7.8227998867463196e-37 -3.2878831529922054e-29 -3.4788607479334175e-29 -3.4784153056099249e-29 -1.9053215144179283e-30
 38.00000000 -3.7311572688345495e-29 -1.1783391905801683e-29 -2.2643717123670941e-30 +1.0720881980499201e-38 -1.2592169329452068e-35 -7.4623127287808223e-30 -2.0413077920066036e-36 -7.4623001361523487e-30 -7.4623127389159264e-30 -1.4401423082557178e-35 -7.4623019354072371e-30 -7.4623143154192240e-30 -1.8094905994960372e-36
 38.50000000 +8.8669022873702830e-32 +5.1835469428325981e-32 +1.3676537220365610e-33 +1.7724595484855214e-32 -6.4696428668112014e-34 -6.3750206224973062e-34 +4.8763291988689637e-39 -6.3749936125872988e-34 +1.8348859653429381e-32 +1.7724340504301727e-32 +1.8380770541022991e-32 +1.8380768893971387e-32 +3.1648629982575111e-35
 39.00000000 +2.6460094454649202e-26 -3.3443543327562213e-26 -1.0185738275651946e-26 +5.2920188909298878e-27 +5.2920188911869461e-27 +5.2920188911871958e-27 -2.5740119758837956e-37 +5.2920188911873048e-27 -2.5710548924258760e-37 -2.5716741077748347e-37 +5.2920188909297931e-27 -2.1463919328602966e-43 -2.4779773439838201e-40
 39.50000000 -7.4301999031176911e-29 -2.3247348785674065e-29 -1.2029827503870908e-31 -1.4860138843786659e-29 -2.6096122496106793e-34 -1.0463572359853037e-39 -3.2690479725244978e-31 -1.4533500643667552e-29 -3.2675274182468768e-31 -1.4533649547174918e-29 -1.4860395392008560e-29 -1.4860181239274818e-29 -2.1486391604308234e-34
 40.00000000 +3.6919439121342112e-32 +1.5810017424304210e-32 -2.1075592910987636e-34 +7.4121566938886636e-33 -1.8195902023972586e-35 -1.2207974058839307e-35 -1.8202970594103478e-35 -1.1143730254935154e-35 +7.3849551219526419e-33 +7.3849553544681775e-33 +7.4121497456626578e-33 -1.7117979912795424e-35 +7.4020907622146362e-33
 40.50000000 -1.3606328450619933e-32 -5.7643918503960519e-33 +2.1873306551894737e-34 -3.4399136986788394e-33 -2.5580140389930738e-33 -3.4395482613844759e-33 -1.7636369876823523e-40 +5.5508248802149586e-34 -3.4396000454762428e-33 +5.5539653043739512e-34 +7.1828259680101709e-34 -2.5580138392056072e-33 -5.7779189889844635e-42
 41.00000000 -8.1939978348376031e-31 -3.1353959762684271e-31 -2.2174511710522159e-32 -1.5945586325495416e-31 +1.4203692014808392e-41 -4.4240663620658370e-33 -1.5945589031527068e-31 -4.4240934617977685e-33 -1.6387995669023918e-31 -1.5945589031825058e-31 -1.6387992962597113e-31 -4.4240934480569135e-33 -2.1357968011642026e-41
 41.50000000 -1.2433909230912928e-32 -5.0078735992746192e-33 -9.4067354822949550e-34 -9.6733307621106380e-37 -2.4858947766002151e-33 -2.4867728846183821e-33 -2.4858810500969245e-33 +7.1796287875331194e-38 -8.9326083504274591e-37 -2.4858877356369995e-33 -2.7581923522152671e-39 -8.9565921608934291e-37 -2.4867855689285837e-33
 42.00000000 -4.0620210777147073e-31 -1.6067575534629969e-31 +5.6297106215206123e-34 -8.2695842902188914e-32 +1.4574784521706849e-33 +2.0571041718840569e-36 -8.2697899831617089e-32 +2.0571043581604365e-36 -8.1240421729417114e-32 +1.4554213482576392e-33 -8.1242478833420103e-32 -8.1242478658609083e-32 +1.7482274125993254e-40
 42.50000000 -2.5543143784521517e-30 -8.1188464522017613e-30 -3.4141239839739782e-30 -5.1086287385391183e-31 -1.7962566457726519e-39 -5.1086287388438534e-31 -5.1086287386516172e-31 -1.8071930038859214e-41 -1.8172080236695686e-39 -1.8255044004582259e-39 -5.1086287569351456e-31 -7.7591083498602124e-42 -5.1086287569037924e-31
 43.00000000 +3.1613625321171156e-41 +1.6324747234477783e-41 +3.9265482274464273e-42 +4.8748060861661823e-42 -8.5430389632896094e-44 +1.5901727634128337e-42 +6.2659118876926987e-42 +6.3227467529146420e-42 +1.5335689809636275e-42 +5.6474808911132580e-44 +4.8749590952803729e-42 +1.4477065078346527e-42 +4.7327088276279162e-42
 43.50000000 -3.4019235758604237e-40 -1.6448800070487451e-40 -3.9318436330768214e-41 +7.2813971507775417e-43 -1.1272024152210947e-41 -6.8093903446280889e-41 +5.5109168749947926e-44 -5.1705374723897117e-41 -1.6391422732405515e-41 -5.7366568270106346e-41 -6.8762952409921514e-41 +5.7185029316428731e-42 -7.3101863666690745e-41
 44.00000000 -1.7672956167689603e-38 -9.7763086461384725e-39 -2.4533611830804117e-39 +4.0182591052807123e-45 -3.5928085593846460e-39 -1.2226239741643506e-45 -3.5928044548204151e-39 -3.5345899066250183e-39 +5.8212080040523027e-41 +4.0617327486613931e-45 -3.5345955696264846e-39 -3.5345900039924050e-39 +5.8213389350950046e-41
 44.50000000 +1.7527252427030607e-31 +8.2679855674065598e-32 +3.1087308993179200e-32 +1.1936989050687199e-38 -1.9534491948098227e-35 +3.5054493031829223e-32 -5.6266939309362087e-43 +3.5074051053547856e-32 +3.5054504739241059e-32 +3.5054504854693624e-32 +1.1413217860022818e-40 +1.1475730984341624e-40 +3.5054492917626392e-32
 45.00000000 +1.4175729503698042e-40 +6.2197403569808620e-41 +5.8060087552598266e-43 +2.7196964533168253e-41 +3.1569388846731970e-41 +8.3013838265202746e-43 +2.7548643796926966e-41 +8.0277086756508766e-43 +2.7548673125943917e-41 -2.4424971501595392e-42 +3.0414950150992131e-41 +3.5170744331713249e-43 -2.0634449601577556e-42
 45.50000000 -4.0842593735072063e-40 -1.6280894880903160e-40 -3.4129493494197443e-42 -7.8765804842765249e-41 +8.6858296808909682e-45 -7.8778402139328628e-41 -2.9395144264358281e-42 -5.7905459286762500e-42 -2.9067963937374237e-42 -8.1685193763561100e-41 -8.1715929990302029e-41 +3.2738482030830871e-44 -7.5885174177625103e-41
 46.00000000 +5.6447497511620459e-37 -3.0989733655356467e-37 -1.0723552492222649e-37 +2.4941971507717843e-37 -1.3656194183051571e-37 +1.1289498791036330e-37 -3.7716234646090417e-41 -3.6171099152371760e-47 +1.1293222392539462e-37 +1.1289498791005767e-37 +7.1284658805557625e-45 +1.1293270412414008e-37 +7.1419387901468735e-45
 46.50000000 -7.5007271840934728e-35 -1.5865870362467423e-35 -1.3915809635333596e-36 -1.5001454368388079e-35 -2.7533209663171149e-40 +2.0083103980072273e-46 -1.5001179035882355e-35 -8.8496745195611458e-48 -2.7533208735584278e-40 -1.5001454368395298e-35 -1.5001179036090318e-35 +7.4863794666195405e-47 -1.5001454368261569e-35
 47.00000000 +1.0250767513619937e-37 +3.6010997904023315e-38 +5.6959350377476552e-39 -1.1257276045800952e-39 +2.0500390481878798e-38 +1.2205126730537609e-42 +1.5672856696898000e-42 +2.0499974143809586e-38 -1.1277998347591817e-39 +2.0501957764319778e-38 +1.1382064524929578e-42 +2.1627685207620402e-38 +2.1627268973114804e-38
 47.50000000 +2.9807519239747126e-44 +1.2064576382959755e-44 +3.1610398411114009e-45 +1.6492921329120081e-45 +4.3277708160546882e-45 +5.9612298278658474e-45 +4.3119243622415498e-45 +1.6495913693615128e-45 +1.6334946372189405e-45 +1.9829856659268298e-49 +1.6337547403899873e-45 +4.3280636795541450e-45 +4.3121993755818238e-45
 48.00000000 -1.2914557413040757e-37 -3.9029515217122228e-38 -7.0073424625907559e-39 +1.2159452245457730e-41 -2.5829114807294221e-38 +1.1984268836405893e-46 +1.2165127207494628e-41 -2.5841278427888674e-38 -5.4151317216191625e-45 -2.5841279970978690e-38 -2.5829109410947092e-38 +1.2165116608388622e-41 -2.5841275914071219e-38
 48.50000000 -4.7187141203818108e-37 -1.1458978864792651e-37 -1.4216682876888472e-38 -4.4591035995402095e-45 -4.4592517714315600e-45 -9.4374277948262085e-38 -9.4374282407611831e-38 -9.4374283305054411e-38 -9.4374277948426899e-38 +8.9745898571114970e-46 -4.4592092278649974e-45 -9.4374278845796541e-38 +8.9707629286614096e-46
 49.00000000 -3.1030169555908287e-36 -8.9948312968848559e-37 -1.3740103087630590e-37 +2.5723449487821189e-46 -3.8831768514189784e-44 -6.2060339110600840e-37 -2.5164302027708276e-44 -6.2060335201701203e-37 -1.3948950546697484e-44 -1.3692448156093001e-44 -6.2060337769506050e-37 -6.2060335254323680e-37 -6.2060339084927524e-37
 49.50000000 -6.1518042684130906e-30 -1.6310026428319998e-30 -1.5151782094933581e-31 -1.2303608536826181e-30 -3.3396762471807801e-45 -3.3397154121681633e-45 +2.2319714307527310e-50 -1.2303608536826147e-30 -1.2303608536826147e-30 -3.3126619003513702e-45 +2.7010909951042016e-47 -1.2303608536826147e-30 -1.2303608536826181e-30
 50.00000000 -6.9940664474871156e-37 -2.0425376164588458e-37 -6.6491471183086787e-38 -7.6536732082885752e-43 -1.3988216850285906e-37 -1.3988216678088820e-37 -1.3988051732548981e-37 -4.5980327690900157e-44 -1.3987967973349483e-37 +8.3785563585999476e-43 -1.3988056355808787e-37 -8.0992677132898020e-43 -7.6542910801631882e-43
 50.50000000 -1.1349765419357617e-47 -2.7180323850226598e-49 +2.8388145656290069e-50 -3.6539694517738286e-49 -5.9428919055139291e-50 -2.4484100213949732e-55 -2.1655158244387711e-48 -1.9126554782394866e-48 -1.9576646944645081e-48 -5.1213255966282518e-53 -4.1667452365832669e-49 -2.3109056163022398e-48 -2.1614719599247999e-48
 51.00000000 +1.0773613534324008e-43 +6.1796044047733207e-44 +1.6154323292784020e-45 +2.1547210860842240e-44 +2.1547227803175427e-44 +2.1547160112957196e-44 -7.0226854690990322e-52 +2.1547177060112624e-44 +1.6172357349333009e-50 +1.6936600391572372e-50 +2.1547210141149921e-44 +5.2522843106269170e-50 +6.4435470301163510e-50
 51.50000000 +6.3746833448507124e-39 -2.7309041936222241e-40 +6.7859012197678614e-40 +1.2749366683233401e-39 -1.2842316141685922e-50 +1.2749366689612480e-39 -1.9783977770549562e-49 +8.4463716445005593e-49 +1.2749366683229259e-39 -3.3713950652695011e-53 +1.2749366689701773e-39 +6.5649031788064677e-49 +1.2749366689826065e-39
 52.00000000 +2.0437343041660898e-43 +2.0450322785479472e-43 -4.2944557810606447e-45 +3.8873271121285710e-44 +2.0014149907655628e-45 +6.0508407705380756e-52 +2.0014143852648821e-45 +3.8873271129611462e-44 +3.8873271084589933e-44 +2.0014149619926862e-45 +4.0874686038424878e-44 +2.0014149619364538e-45 +3.8873271137653335e-44
 52.50000000 +1.2765565879637148e-46 -6.8257586701537315e-48 +1.8755142963478760e-48 +2.6712529994362098e-50 +2.5480901000184991e-47 +2.5535044199293417e-47 +5.6653730657492820e-50 +2.5504000840007276e-47 +4.8009379959210942e-51 +2.5495284589399029e-47 +7.7298661481896608e-51 +2.5523823154447591e-47 +2.0707948243248959e-50
 53.00000000 -3.8400594603769975e-45 -1.1505302262868026e-46 -2.9185141188060294e-46 +5.5161968072661764e-51 -7.6801202160884390e-46 +1.4046529613869888e-52 -7.6801205091399582e-46 -7.6801195991461704e-46 +7.1466076150322986e-53 +2.3145563705646382e-52 -7.6801203616755423e-46 +8.7362849041647426e-53 -7.6801743871865445e-46
 53.50000000 +8.7638618743857311e-50 +1.1044444684522269e-50 -2.1680232079350483e-51 +5.4724926099009872e-53 +2.6084936207245742e-50 +6.4284199869641012e-52 +1.6885024738905949e-50 -7.9145258194180607e-51 -7.9689111849135234e-51 +2.5496635040778895e-50 +1.7473019506903477e-50 +1.6885036978359515e-50 -1.6364880008948386e-55
 54.00000000 +1.3595090175035095e-46 +4.6449775981092216e-47 +6.4657616379729918e-48 +7.9117616729791888e-53 -3.3629744739357545e-50 +2.7219784770936775e-47 +2.7229744991517702e-47 +2.7184166670509275e-47 +2.7186076270934508e-47 -3.3550418999389865e-50 -3.5539711390402090e-50 +1.0039224550986653e-50 +2.7223730579414001e-47
 54.50000000 -2.3936320556718957e-47 -1.2591711670183259e-48 -2.7915596849345007e-48 -4.7906150120090379e-48 -4.7870941112781053e-48 -4.7870937260112131e-48 -4.7906379136002145e-48 +3.2251315888401345e-51 +3.3514520361832133e-51 -2.1881259390021012e-53 -4.7906379136820088e-48 -2.1797847332827195e-53 +3.2252153433163001e-51
 55.00000000 +6.6343634932124674e-39 +2.8352626712132941e-39 +8.2618872124207235e-40 +8.5892514586359363e-47 +8.5892514724230548e-47 +2.3923307121214009e-56 +1.3268726127499789e-39 +1.3268726127499802e-39 +8.5892513359780999e-47 +8.5892510495515108e-47 +1.3268726986424919e-39 +1.3268726127499818e-39 +1.3268726127499818e-39
 55.50000000 -2.4328882942514704e-41 -7.8757627316830330e-42 +1.7703229917387957e-43 -4.8657765883347420e-42 -8.8012133191802076e-49 -4.8657765885006453e-42 -4.8657757083816125e-42 -1.6848985605038781e-52 -2.5039132591172356e-60 -8.8012133191551712e-49 -1.6591286084140648e-52 -4.8657757083839123e-42 -4.8657765883367448e-42
 56.00000000 +1.0805205198072140e-51 +3.2260701575540930e-52 +4.1422679075964559e-53 +1.0687616650367125e-52 +1.0922793640506290e-52 -8.1775392694106806e-59 +1.0922784833328111e-52 +1.0922793251048783e-52 +2.1610419065750606e-52 +1.0687617074875440e-52 +8.4839555402679445e-61 +1.0687625205963100e-52 +2.1610410351581750e-52
 56.50000000 +1.9675789982721162e-49 +1.1248500171372263e-51 +2.1411433847054838e-51 +3.3570142344528398e-51 -6.8890963426247751e-54 +3.9358469031880768e-50 -6.9557387101186817e-54 -1.7774365392933658e-59 +3.3569391300779795e-51 +3.9351588403357413e-50 +3.5994565760312990e-50 +3.5994632414253150e-50 +3.9358535705703360e-50
 57.00000000 +2.9798433945709713e-48 -4.0559006892224700e-49 +4.3735976499988654e-49 +5.9597468307391967e-49 +5.9596872846274120e-49 +5.9596867698695487e-49 -4.9548305313114702e-56 +5.9565381675658100e-54 -6.0162831701335505e-54 +5.9596873890919267e-49 -4.7855202031174169e-56 -6.0146222782735066e-54 +5.9596873890895262e-49
 57.50000000 -2.6164256524545262e-47 -9.9293923269171166e-49 -1.7565897635148401e-48 -5.2328525149642634e-48 +3.0392066300014025e-52 -5.2332129229688584e-48 +1.9440400326981420e-55 +3.6456629626758682e-52 -5.8615519679814327e-53 -5.2331551184561885e-48 -1.9337743555261143e-54 -5.2328504915242236e-48 -5.2327936087009804e-48
 58.00000000 -2.3786201214462890e-50 -6.5522498758960588e-51 +1.3127381040194064e-52 +1.2288527098600794e-52 +1.2288520190127973e-52 -4.8801254561648999e-51 -4.8801259011272792e-51 -4.8801254541694573e-51 +1.2288520262971964e-52 -4.8801258412886309e-51 -4.7572401834991803e-51 +3.4787328202442414e-58 +1.2288559839628308e-52
 58.50000000 -2.8040999299192969e-49 -9.1878771124718645e-50 -1.1511888284354445e-50 -5.6081997375243205e-50 -1.2272058257244007e-57 -5.6088237860668253e-50 +1.0004615759736038e-59 -1.2188734873977922e-57 -5.6088239098776179e-50 -5.6081997379899062e-50 -5.6081998599286628e-50 +6.2404907774314843e-54 +6.2392672407279323e-54
 59.00000000 -6.9497291803402154e-46 +3.9076634976349184e-46 -2.7875655199302776e-46 -1.3899458364253522e-46 -1.3899458360505176e-46 +3.3979766413318061e-56 +3.5731017278762903e-56 -1.3899458364087113e-46 -1.3899458364086982e-46 -1.3899458364078408e-46 +3.3979864876864239e-56 +3.4065590871663191e-56 -1.6653165591326908e-57
 59.50000000 +1.0340122115221017e-56 +1.8768927879750262e-57 +1.0722605865422615e-58 -2.5149704207315675e-60 -2.1080681014531272e-64 +2.0702210298996294e-57 +2.0680244184299877e-57 +2.4782635595178460e-69 +2.0683946380124191e-57 +5.2445342194333336e-62 -2.5657996732426038e-60 +2.0679719776075747e-57 +2.0705385868275118e-57
 60.00000000 +5.1530904495997171e-43 -1.2891945161138347e-43 +3.2609911881134114e-44 -3.0434321956678073e-58 +1.0306180899199433e-43 +2.9055435757269730e-55 +1.0306180899199433e-43 +1.0306180899170405e-43 -2.1924477156535939e-58 +8.4902609855522763e-59 +1.0306180899199427e-43 +1.0306180899199457e-43 -2.7022579998058807e-59
 60.50000000 +2.5157041421552561e-56 -6.0891108799873567e-57 +1.7075812544928940e-57 +8.4718143916155664e-61 +1.6608841405491849e-63 +5.1819393646251477e-57 +8.4749474154980239e-61 -1.3919056525490560e-58 -1.3944244516846650e-58 +5.1819395231656188e-57 +5.0205711092487800e-57 +5.0303079799183327e-57 +5.0192201179532145e-57
 61.00000000 -1.6321498135156299e-58 -6.0535869926700074e-59 -6.5831016272685724e-61 -3.1052834556217336e-59 +2.4267505051111432e-61 -3.2642996698721884e-59 -1.8326459398235480e-60 +2.4247826390177661e-61 -1.5899702010010839e-60 -3.1052828594956287e-59 -3.2642995667230774e-59 -3.2885666039707049e-59 -1.9696831793306096e-64
 61.50000000 +9.0307216665371730e-50 +1.0426188536074598e-50 +1.3418690061927582e-51 +1.0914809400277081e-59 +1.8061443332147895e-50 +1.8061443321744349e-50 +1.1585672138196054e-59 +6.5661958259423076e-61 +1.8061443321758514e-50 +6.7076841773812454e-61 +1.8061443333074370e-50 +1.8061443322159486e-50 +1.0659225144413084e-59
 62.00000000 -1.1153857200058153e-59 -1.0903037489811805e-60 -4.7601275956061108e-61 -2.2293510207741830e-60 -2.2087211742490746e-60 -2.2105266315573831e-60 -2.2305679802067137e-60 -2.2307714921043479e-60 -2.2050372672380165e-62 +6.0643558497911812e-65 -2.0244649865512416e-62 -1.4810973781975218e-63 -2.0342480887000010e-64
 62.50000000 +7.3231745513536426e-58 -2.0281478010137478e-59 +6.9130355409054105e-59 +1.4646513748424630e-58 +7.1885649328907710e-67 +1.4653457251102275e-58 -2.8543037860129735e-62 +1.4650598373326879e-58 -4.4190987866551340e-62 +1.4649197540144806e-58 -7.1029514670203634e-62 +1.4649203329346441e-58 -2.8484466545692260e-62
 63.00000000 +1.2426332757192367e-58 +9.5401407187778896e-58 -2.5966837074685601e-58 +2.4166780366151711e-59 +2.4848753649537647e-59 +4.4935440390136091e-70 +3.9118648533290802e-63 +5.6513764990891748e-70 +2.4852665514058083e-59 +6.8979701234021662e-61 +2.4848753649256749e-59 +6.8588514776127639e-61 +2.4166780366950269e-59
 63.50000000 -8.9623233793395999e-54 -5.7685750353432901e-55 -4.6279277565867924e-56 +1.7994535079122707e-71 -1.7924646758680239e-54 -1.7924646758685533e-54 +7.2635590447237384e-67 +7.2635978640589085e-67 -1.7924646758678680e-54 -5.1681570827351435e-68 -1.7924646758679080e-54 +1.4683168531398076e-72 -1.7924646758686461e-54
 64.00000000 -4.6280642884174143e-59 +4.3158638694316006e-60 +1.5601640838395358e-61 -1.9532997113635411e-61 +1.6425812731293166e-60 -4.4915748434609365e-61 -9.3174138449365851e-60 -4.4905593477522916e-61 -9.2793743875566924e-60 -8.8069730874461079e-60 +3.8043965381003765e-62 -8.7839263546621707e-60 -1.0680037057825239e-59
 64.50000000 +5.2585035570142160e-45 -1.4375066739369824e-45 +1.1645788141618862e-45 +1.0517007114028433e-45 -1.8499470354745239e-62 +1.0517007114028102e-45 +1.0517007114028102e-45 -1.4824272622765980e-69 +1.0517007114028434e-45 +3.3224817394940558e-59 +1.0517007114028102e-45 +3.3164649681906318e-59 +3.3164646653045700e-59
 65.00000000 +2.4340202192882428e-56 -4.0041699306632019e-57 +2.8525241959587199e-57 +4.8680394281970731e-57 +4.8680821029038732e-57 +4.8704843770391857e-57 +4.8704827161002417e-57 +1.3715999425004816e-65 +1.0279644546503331e-63 -2.4449479487355518e-60 -2.4833560058362134e-60 -2.4869920247187957e-60 +4.8705278229408748e-57
 65.50000000 -2.4972959480488417e-59 -3.6877658156628035e-60 -4.5208929061111109e-62 -4.6725959146614737e-60 -3.3104741557757424e-61 -3.2199598133640624e-61 -3.3108713784980655e-61 -4.9855405305862565e-60 -4.6722252043426038e-60 -3.2203577241502604e-61 -9.0513656102842265e-63 -4.6638356781350386e-60 -4.6635444799739483e-60
 66.00000000 +2.9252034551745926e-57 -2.6212981851649693e-58 +1.4137225018192370e-59 -7.2457886987339319e-61 +5.8576528715719845e-58 -7.2835829972127781e-61 +5.8503968794707019e-58 -7.2458898093020296e-61 +5.8504067377513475e-58 +1.7259784920597737e-65 +5.8577004528847362e-58 +5.8576526990478807e-58 -7.3269972573331306e-69
 66.50000000 -2.9701423656031274e-62 -1.5094891739238634e-62 -2.8326538242316947e-63 +5.3317213100885236e-73 -5.9334227540286976e-63 -5.9402847317428501e-63 -6.8619771868973476e-66 -5.9402847311665413e-63 -5.9402847311902055e-63 -1.3269079759538637e-74 -5.9334227540483848e-63 -6.8619771508500802e-66 -3.6749192826219895e-74
 67.00000000 -6.1706129728707836e-60 +1.6851097868893138e-60 -1.3809466781902970e-60 -1.2451375204367495e-60 +2.2852505310113292e-62 -1.2569749486903200e-60 +3.3867279978524098e-62 -1.2451375309247757e-60 +2.2852494826696070e-62 -1.4071051561450651e-67 -1.2569749486901161e-60 +1.1014942311611459e-62 -1.2569751058452543e-60
 67.50000000 +4.6180908090836096e-56 -2.4491229525818459e-57 +5.8860985427368201e-57 +9.2361816050696185e-57 -1.2136441012033799e-63 +1.3097595431579809e-65 +9.2361828449088766e-57 +9.2361828318112665e-57 -1.2136440512142910e-63 +9.2361816050696411e-57 +1.4816897364381042e-72 +9.2361816050696536e-57 +1.3097575752576357e-65
 68.00000000 +1.1713037907243381e-59 -1.0856307305051748e-59 +4.8406606233096846e-60 +1.6244635186206681e-60 +1.6493832109734518e-60 -1.1245903802181962e-73 +6.9322437047562852e-61 +7.1814406282821093e-61 +2.3675272737968343e-60 -2.4919692349461373e-62 +2.3426075814491041e-60 +6.9322437047973187e-61 +1.6493832109693302e-60
 68.50000000 -1.8615332762798060e-51 +1.4837367299074507e-52 -1.2327342328029721e-53 -7.4745640613738594e-63 -3.7230665525596122e-52 +9.7607705253889939e-71 +1.2885025871025180e-70 -3.7230665525585469e-52 -7.4745641628804948e-63 -3.7230665525585469e-52 -1.0654856594988109e-64 -3.7230665524859318e-52 -3.7230665524848665e-52
 69.00000000 +2.9175047055940767e-59 +2.0505874880345522e-60 +9.8145885125574145e-61 -2.6482182004599029e-65 -2.6483412031809360e-65 +5.8350358946019950e-60 +5.8350358944649052e-60 -2.6636437300173433e-65 +5.8350360476230173e-60 +5.8350358933724909e-60 -2.6483278073574118e-65 +1.3677082569391565e-69 +5.8350094098201100e-60
 69.50000000 -3.0472142664504160e-68 -4.7661284597869148e-69 -1.6373519333029164e-69 -6.0948045664082665e-69 -6.0948542148528295e-69 -6.0944956901154832e-69 +5.1199568663332870e-74 -1.8258386017351700e-73 +4.2723014668560703e-73 -1.5494846621070712e-75 -6.0942284453057024e-69 -6.0942462590128485e-69 +1.9221482045459414e-73
 70.00000000 +3.1384771240077991e-64 +9.7324532438819677e-65 -4.1643733225328167e-65 +6.2692467933135130e-65 +6.2692468077570925e-65 +6.2691369181837054e-65 +7.8173571346875068e-68 +7.8173711987465030e-68 +9.7153931993864852e-70 +7.7074391764297780e-68 +6.2690397235872257e-65 +6.2768570807124711e-65 +7.8045950821251337e-68
 70.50000000 -2.8219246513204666e-56 -2.5050790333578532e-56 -7.9013451750913551e-57 -9.0392723538382607e-70 -5.6438493026409309e-57 -1.7530105922685450e-73 -5.6438493026409309e-57 -5.6438493026400276e-57 +2.7327745363609035e-76 -9.0361059024442973e-70 -5.6438493026409309e-57 -1.6661843306632999e-73 -5.6438493026400276e-57
 71.00000000 -7.1870617974483880e-66 +1.3690115736393243e-66 -9.8340606224885801e-68 -1.4528295753890541e-77 -1.4450874147483367e-66 +7.6750552642527901e-69 -1.4450874147394781e-66 +7.6750552498234099e-69 -3.6078707541651724e-73 -3.6072356294861157e-73 -1.4374119986937938e-66 -1.4374123594889109e-66 -1.4374119987667724e-66
 71.50000000 -2.0589159627769852e-54 -5.6331894032713680e-55 -1.4078382817989424e-56 -4.1178319255426562e-55 -4.1178319255538185e-55 -1.1314485210066934e-66 +8.2122507264474161e-71 -1.1314484817405351e-66 -4.1178319255426547e-55 -1.4946147977591800e-68 -1.1465056001131093e-66 -4.1178319255426562e-55 -4.1178319255538185e-55
 72.00000000 -1.7625107303854798e-65 -4.2025813904004566e-66 -7.6171079794190040e-67 -1.2718103108221182e-69 -3.5237496504601665e-66 -3.5236689193280003e-66 -7.5558064184453268e-67 -2.7694408189417409e-66 -7.5594507636863662e-67 -3.5241140849842168e-66 -2.7699837590664554e-66 -1.3525414275952263e-69 -1.1226410663314965e-75
 72.50000000 +1.5481294815755997e-49 +7.0354757354454547e-50 +3.9336421479977823e-50 -1.5238657591776792e-67 +3.0962589631511992e-50 +3.0962589631511992e-50 -1.5238657592076316e-67 +3.0962589631511992e-50 +3.0962589631511992e-50 -5.9198927023387162e-75 +3.0962589631511992e-50 +2.1826517072398489e-74 -1.5238660366417761e-67
 73.00000000 -1.4913268581797760e-70 -8.5988179294562788e-72 -1.2626633362700395e-71 -2.9826546902385304e-71 -4.6693662854166703e-77 -2.9826546154077442e-71 -7.5494634033205007e-82 -2.9826490623790409e-71 -2.9826490623837553e-71 -7.4858802899399111e-79 -3.6797562023693431e-77 -2.9826536263688113e-71 +8.9903689554156072e-78
 73.50000000 +1.6058227394757121e-68 +2.7040869525703832e-69 +1.8998749128231362e-70 -6.1655572295494237e-71 -1.0694439680018684e-71 +3.2839978603442955e-69 +2.2823937575009078e-71 +3.2223388772734924e-69 -9.5107182797950705e-71 +3.2116420668186949e-69 +2.2823938557300373e-71 +3.1888225829326411e-69 +3.2732353260291547e-69
 74.00000000 +2.0746020396850173e-69 -5.6828700794320814e-71 +1.4915230077377681e-71 -6.0951573596861414e-73 -6.0459089516909552e-73 +1.7259058528851614e-76 +4.1552986657445288e-70 +4.1552517446409404e-70 +4.1492023522283562e-70 +4.1552974671358367e-70 -6.0945704469338520e-73 +4.1491565848827237e-70 +4.7493070230791942e-75
 74.50000000 -6.8070106763941439e-72 -2.1412261569542007e-72 -3.0778367583063231e-73 +1.1864951433019496e-78 -5.1946632336468069e-75 -1.0216701573213516e-73 -1.3562074722390812e-72 -1.2594748786210967e-72 -1.2641906207493771e-72 -1.3562077668216058e-72 -1.2644290900065307e-72 -9.6973044102465659e-74 -1.0216731138335438e-73
 75.00000000 -2.8967838899505809e-60 -1.2131549912498080e-61 -1.0130622915750475e-61 -5.7935677799000073e-61 -5.7935677799020821e-61 +9.0283375742659834e-69 -5.7935678701845446e-61 -5.7935678707354043e-61 +9.0833993434767898e-69 -5.7935678707351031e-61 -1.2203469325821657e-73 +5.5061501123950895e-71 +9.0284534671985624e-69
 75.50000000 +1.4696888737003730e-64 +3.7469800578345260e-65 +1.4871838590770403e-66 +8.5945785780386238e-71 -5.3894856946132581e-77 +2.9393777474061373e-65 +2.9393691528167767e-65 +2.9393777474007565e-65 +2.9393777474061301e-65 +2.9393691528221662e-65 +8.5945839733948709e-71 -4.0344901384292847e-81 -5.3930691254703107e-77
 76.00000000 -2.5458618380188481e-66 -8.9275931510300461e-68 -1.6425942528552950e-67 -5.0917236760888095e-67 +5.1107275617048947e-78 -5.0917236760377003e-67 -5.0917236760377003e-67 -5.0917236760888095e-67 +2.7952679711443485e-81 -5.0917236760888464e-67 -8.8879907529699779e-84 +5.1115936994858476e-78 +5.1108268576241193e-78
 76.50000000 +1.5997701469284809e-70 +1.0189922058560926e-70 +1.2529080010824894e-71 +3.2057720089259052e-71 +3.1863380059376720e-71 -1.9434148125587547e-73 -1.6277775173827148e-78 -6.2316498910384792e-74 +3.2189742968668653e-71 -1.9434312823730029e-73 +3.1995402938624954e-71 +3.2189745415027908e-71 +1.3202595807184011e-73
 77.00000000 +6.3816107368041810e-79 +2.5452346667019360e-79 +1.5956752418490636e-80 +2.3178419890925731e-87 +1.2770135069769345e-79 +1.2460931141036191e-79 +3.7121880008272605e-81 +6.2015945186364294e-82 +3.7156931691501811e-81 +1.2384738395682082e-79 -6.5608471582725745e-83 +1.2701205530874962e-79 +1.2700853783869175e-79
 77.50000000 +5.2449994893568076e-69 +2.1535561037018885e-69 +5.0927712383802103e-70 +1.0489998985218520e-69 -6.5052563774083816e-79 +1.0489998978714049e-69 +1.0489998985218873e-69 +1.0489998979167229e-69 -4.3638686244272197e-83 -4.5403785483966934e-80 +1.0489998984765278e-69 -6.0512377251197547e-79 -6.5049006293970663e-79
 78.00000000 +5.3643118197175653e-80 +1.5634842920717703e-80 +1.7637734994355262e-81 +1.0774439599465864e-80 +8.1767754212863099e-81 +2.2461723756802191e-81 +1.7386215369139281e-81 +9.4007066227317651e-81 +5.1437619174016611e-82 +8.8907983193510658e-81 +2.6507898755213479e-81 +8.2117676415893732e-82 +8.4292614903260375e-81
 78.50000000 +5.4914353442722479e-65 +6.3046675426983082e-66 +1.2170532503424864e-67 +7.7813023515509367e-80 +9.7824482371150369e-70 +1.0981892444142736e-65 +1.0982870688544422e-65 +1.0982870688544500e-65 -4.2188715043794721e-76 +8.0526961931757796e-85 +1.0981892443720884e-65 +1.0982870688966369e-65 +9.7824440168548885e-70
 79.00000000 -7.4525974112957267e-47 -2.1621498393042712e-47 -3.8506257007015896e-48 +2.6258692764535179e-64 +1.3860131814979509e-74 +1.3316975899278706e-68 +2.6258692763149165e-64 -1.4905194822591452e-47 -1.4905194822591452e-47 +2.6258692864716283e-64 -1.4905194822591452e-47 -1.4905194822591452e-47 -1.4905194822591452e-47
 79.50000000 +4.2491293318410199e-73 -2.2512362298708794e-74 +5.3932655213026104e-74 -1.9607436623304850e-73 +8.9715670480286310e-85 +2.8105695287069043e-73 +8.4982586636820609e-74 +8.4982586637052695e-74 +8.4982586636240991e-74 -1.9607436623387945e-73 +2.8105695286962743e-73 -6.6206576528697533e-86 -2.3206467872218122e-85
 80.00000000 -4.1040635616588656e-72 +2.8472720935528823e-72 -1.5799768366994152e-72 -1.7885692236570407e-72 -8.5476304470316557e-73 -1.7546340027093348e-72 -8.2081271233177330e-73 +7.5557117457028849e-78 +9.6776406703720800e-73 +3.3942776659549199e-74 +3.3942776659615330e-74 +9.3381373466571833e-73 -8.5475548899138858e-73
 80.50000000 +2.8966993148016902e-65 +1.5617658315958950e-65 +5.7786896991219602e-69 +5.7934013500381172e-66 -2.7204347349844532e-72 +5.7934013500381172e-66 -2.7204347349844497e-72 -2.7204347349844618e-72 +1.5978338800295774e-86 +5.7934013500381172e-66 -2.7204347349844673e-72 +5.7933986296033817e-66 +5.7934013500381172e-66
 81.00000000 -2.2633702148056796e-78 -7.1698790047362915e-79 -2.0145791614846740e-79 +9.9218276485500494e-83 -4.5267404297534147e-79 -4.5277325736508881e-79 +5.3419443222556760e-87 +9.9215859159352670e-83 +1.4205535196458520e-89 +9.9214389747104010e-83 -4.5277326269282788e-79 -4.5267404683366847e-79 -4.5277325882029519e-79
 81.50000000 +2.0628655102291987e-78 +8.5399679280199521e-79 +1.7241098739078878e-79 -2.4375503085257724e-84 -2.0067364659417216e-84 +4.0850363323610139e-79 +4.1257510170554233e-79 -4.3779065554821766e-85 +4.1257354493453968e-79 +4.0674665046429905e-81 +4.0850562617734327e-79 +4.1257511069876252e-79 +4.0699090496947968e-81
 82.00000000 +2.5620447168219775e-85 +1.1269504285104321e-85 +6.0109097606810495e-87 +5.1265450294931005e-86 -1.4038410526842493e-88 +5.1280988201245497e-86 -1.4042280485399856e-88 +5.1396773387847011e-86 -1.9597105408619415e-88 -4.0415459519472132e-89 +5.1381623589785427e-86 +5.1421367044866619e-86 -2.4537412749222718e-89
 82.50000000 +9.4643255602554596e-79 +2.9780825823107756e-79 +3.0114158346629785e-80 +1.8929550822792210e-79 +1.8928651120080730e-79 -1.4743762226288166e-86 -8.9970964880743769e-84 +1.8929550822794487e-79 +1.8929549348417197e-79 -8.9970228355231212e-84 +1.8928652602683820e-79 -8.9822790521454478e-84 +2.9343341262374028e-95
 83.00000000 +1.4144891582899370e-83 +2.2182565316829456e-85 +5.2938723129919969e-85 +2.8289104635074462e-84 +2.8289755801386336e-84 +2.8294273695177721e-84 +5.1415532487103446e-88 -4.4904106973585547e-88 +6.7853074008671230e-89 +5.1687952058181543e-88 -4.4905295502480372e-88 +2.8284641785971391e-84 +2.8289131972436751e-84
 83.50000000 -1.7960028372801858e-74 -9.4532823615030668e-75 +1.4012298679905908e-76 -3.5920056745604154e-75 +8.2803891878062782e-85 -3.5920056745597011e-75 -3.5920056745899544e-75 +8.5832610281282352e-85 -3.5920056754186800e-75 +2.9627527573852548e-86 -6.8645522880805991e-88 -3.5920056754180099e-75 +2.9600114633117837e-86
 84.00000000 +1.0409618772206053e-77 +8.3024943275799919e-78 +3.2059760608103532e-78 -1.2397153761868753e-83 -1.4177817163956481e-83 +2.0819361515948072e-78 -1.2397154179163773e-83 -1.2396943458903078e-83 -2.3483122573286658e-80 +2.0819237544501968e-78 +2.0819361513846692e-78 +2.1054334519770184e-78 +2.0819237544412101e-78
 84.50000000 +3.1122238593177343e-74 +7.8722625729702546e-75 +1.5725554670965011e-75 -2.9528092023151625e-88 -5.4449192701186377e-90 +6.2244477167858133e-75 +1.8502817527437930e-84 +6.2244477186348165e-75 +6.2244477167858379e-75 +6.4869406958090248e-88 +6.2244477186351307e-75 +6.2244477186354655e-75 +1.8496333012438976e-84
 85.00000000 -1.7075354020186444e-82 -8.8978996471742220e-83 -2.2202461742667731e-83 +3.9162217648249877e-88 +3.9162506349211268e-88 -3.4151099662500571e-83 +3.9193483389047692e-88 -3.4143071525309136e-83 -8.0281401591700376e-87 +1.6894817463429197e-95 -3.4150708350160169e-83 -3.4151099662517410e-83 -3.4150708043308676e-83
 85.50000000 +6.2305962962922791e-88 +4.1899343424242849e-88 +1.4367166579638404e-88 -1.2942877809967734e-91 +1.2461399245898987e-88 +1.2476963876650772e-88 +1.2461294985325077e-88 +1.2474342123587053e-88 -1.0239262600023798e-93 +1.2474135470279721e-88 -1.3047169643502385e-91 -2.9307677368410085e-92 -1.3149531002492836e-91
 86.00000000 +4.3518333226759347e-93 +2.7082958195429227e-93 +7.8632364919035876e-94 -3.6463608856005381e-96 +8.1591963050316189e-94 +8.1184757998316235e-94 -1.5048475984483624e-95 +8.0411232718657256e-94 +8.6705372382476958e-94 +8.7080414656045741e-94 +6.9078805685541281e-95 +6.9629898905062469e-95 +6.2082046897304527e-95
 86.50000000 +3.4606019691511661e-80 +1.4881844854486276e-80 -1.7099486551613862e-83 +6.9211976015502235e-81 +6.9212039384943624e-81 +6.3369441379842805e-87 +6.9080345293015823e-81 +6.3367473066623525e-87 +6.9211976013629977e-81 +6.9080281925547133e-81 -1.4071186925110888e-97 +1.3169408808722073e-83 +1.3175745747619980e-83
 87.00000000 +9.6679226524435662e-81 -7.2764257823123538e-81 +2.7820216536562776e-81 +1.9252326894523708e-81 +2.4873738427375545e-90 +2.4873714800456984e-90 +8.3518385489679229e-84 -1.0516335034920791e-85 +8.2466776859932648e-84 +1.9336896938390582e-81 +1.9252326894523732e-81 +1.9336896938390622e-81 +1.9335845280013411e-81
 87.50000000 -1.6322159491010518e-83 -8.8920636374999852e-84 -6.5984953474729034e-85 -3.2644318981911956e-84 -3.2646554196269485e-84 -1.1575387201024033e-93 +5.3317008309442951e-94 +5.3638864999837541e-94 -3.2644318840834042e-84 -3.2644318975776226e-84 +2.2352142484598288e-88 +2.2352202740588685e-88 -3.2646554348956137e-84
 88.00000000 +5.7436234432154134e-82 +2.3337686387685159e-82 +1.0223441552586145e-82 -8.0383994653793414e-85 -2.7924517296785240e-84 +1.1766492059367550e-82 -8.0387398472948789e-85 +1.1486981440134132e-82 -2.7924857678700374e-84 +1.1567896327380731e-82 +1.1567634284934709e-82 +1.1766492059367771e-82 +3.4038509110191194e-89
 88.50000000 -5.4108540666998103e-82 -3.1944585668866154e-82 -9.1763259595291786e-83 +3.9584986060936212e-88 -1.0821747867079220e-82 +3.9733679695736477e-88 -1.0821747718384826e-82 -1.0821747906071987e-82 +3.9733678838367292e-88 +3.9624225502229847e-88 -1.0821708133399718e-82 +1.8768630300399749e-90 -1.0821747906318758e-82
 89.00000000 +9.4847487290351163e-86 +7.5342052353868483e-86 +6.7040705034021703e-87 +1.8969497599359111e-86 -3.0448218814482427e-87 +2.2014319339518014e-86 +2.2014319340652665e-86 -3.0448218825824264e-87 -3.0448218825824277e-87 -1.4081929449991945e-94 -1.4256494834145563e-94 +1.8969497458069771e-86 +2.2014319482748972e-86
 89.50000000 -1.3053217885078796e-79 -3.7905270719110910e-80 -4.4938937334168444e-81 +1.1321428643073140e-90 +1.1321332352716887e-90 -1.0896191459425756e-89 -2.6106435759270413e-80 -2.6106435771280778e-80 -2.6106470853384875e-80 -2.6106435770224720e-80 +3.5083218310964513e-86 -2.6106470865337117e-80 +3.5094123482503835e-86
 90.00000000 -2.6878630930127033e-88 -7.2838989714306561e-89 -5.7724485618028067e-90 -5.3757261836836080e-89 -5.3757218602967511e-89 +4.9118451157590986e-100 -4.3257289195248509e-95 -3.2388029194168105e-94 -3.2420752062283667e-94 -5.3756894371112085e-89 -5.3757261860684424e-89 -4.3281202953140001e-95 -5.3756938003856674e-89
 90.50000000 -6.3660744857744968e-84 -4.3625332367705909e-84 -1.4624444098686082e-84 -7.2191192519656645e-88 -1.2724929844995193e-84 -7.2191277710904539e-88 -1.2732148962635673e-84 -8.2699584713147949e-94 -2.3679086361267498e-88 -2.3679164922561230e-88 -1.2732148971157815e-84 -1.2729781062544339e-84 -1.2722561935990541e-84
 91.00000000 -7.8397702424705118e-79 -1.8853676206939957e-79 -9.2685212370151349e-82 -1.5679540483703547e-79 +2.0333763185292631e-81 +2.0333763309040180e-81 -1.5679540483703547e-79 -1.5882878116793950e-79 -1.2374754905318376e-89 -1.2374754894210839e-89 -1.5882878118031426e-79 -1.0143819218983993e-98 -1.5679540484941023e-79
 91.50000000 +2.4677003771670484e-87 +8.5960696418035759e-88 +2.3807855605431264e-88 -6.3565001586953917e-93 +4.9347122706904282e-88 +7.5204842891964907e-92 +4.9346487061215467e-88 +4.9346487005072339e-88 +5.3979942423029662e-97 +7.5205404320713936e-92 +4.9354643191195244e-88 +6.8847781288221965e-92 +4.9354007545503443e-88
 92.00000000 +1.3357956294608106e-83 +5.4805003874403979e-84 +8.5438471897618952e-85 +5.7023102035724921e-98 +2.6775130260757131e-84 -5.9217671541384535e-87 -5.9217671541455320e-87 +2.6775130260757264e-84 +2.6715912928719525e-84 +2.6715912589216097e-84 -5.9218011044807011e-87 +2.6775130600260921e-84 -3.3950278501718507e-92
 92.50000000 +5.2502429083935976e-83 +1.8711741991399707e-83 +3.5409672859248181e-84 +1.0500485816786927e-83 -1.0286315942600859e-91 -1.0286302331217949e-91 +2.6661425660557644e-97 +1.0500485919650354e-83 +1.0500485816786993e-83 -3.8612407738770988e-100 +1.0500485919650420e-83 +2.0077541052116023e-97 +1.0500485816786993e-83
 93.00000000 -7.8648760539414705e-91 -1.3843014921870206e-91 -1.6288326610065687e-92 -1.5729752063523279e-91 -1.5729752082609025e-91 -4.4472419477054258e-100 -1.5729752063592813e-91 -1.5729752107637528e-91 -6.9503857147615494e-100 -2.5272934776735995e-100 -1.5729752038200777e-91 -4.4358138727901565e-100 -2.4392058931084199e-102
 93.50000000 +6.0801134341673906e-87 -3.9252673091191956e-86 -2.9231286089029384e-86 +1.7082509062232315e-91 +1.2158486096957070e-87 +3.0065352396693426e-89 +1.8278689089126772e-94 +1.2158484510180038e-87 +1.2160226868349934e-87 +1.8278665605597009e-94 +1.1861312167331356e-87 +1.1859571637018837e-87 +3.0068763122801634e-89
 94.00000000 +1.9779266189613545e-79 +4.4416434296768492e-80 +1.5345927391912015e-80 +3.9558532642182838e-80 -2.6295575728880268e-88 +3.9558532642182838e-80 -2.6295575720347661e-88 -3.7388977057332559e-88 +9.2282801747597301e-98 -2.6295575727520973e-88 +3.9558532642182838e-80 +3.9558532379227077e-80 +3.9558532753116852e-80
 94.50000000 -1.0585278037233005e-97 -3.5057176291375216e-98 -9.2322165075571756e-99 +1.4175713256566896e-101 -2.1754994080689800e-98 +5.8878419450745464e-100 +5.9426731835135580e-100 +9.8295776299024146e-102 -2.1769169503394009e-98 -2.1769169503277600e-98 +5.9861342424388718e-100 -2.1180385677136440e-98 -2.1184731835821509e-98
 95.00000000 +1.3342876709946970e-100 +8.9292152983268916e-102 +7.8094281138925514e-102 +2.6604195172745991e-101 +2.6691018390132845e-101 -4.1817474368508593e-105 +2.6609063104598619e-101 +7.7751712910699418e-104 +8.0833876709789255e-104 +8.0474563496878830e-104 +2.6603834077077909e-101 +2.6604246326343407e-101 +8.1531622890143093e-104
 95.50000000 +1.9271824548712426e-87 +8.3687538428429941e-88 +2.7419768963063861e-88 +4.9510004873278923e-101 +3.8543649097419893e-88 +3.8543649097420150e-88 +3.8543649097421830e-88 -1.6254741875469512e-94 +3.1705808320815165e-101 -5.3283397153441670e-103 +3.8543665352171496e-88 +3.8543649097424844e-88 -1.3957421922270309e-102
 96.00000000 +5.7584445085669991e-89 +2.1364938625089550e-89 +2.1659417039385662e-91 -3.6572023517764890e-99 +1.1288795468703999e-97 +1.1538089954353965e-97 +1.1516889018298261e-89 +1.1516889019626935e-89 -2.4929102971035395e-99 +3.4562240700122499e-104 +1.1516889020791207e-89 +1.1516888901753113e-89 +1.1516888903081731e-89
 96.50000000 +1.4459774846479870e-101 +3.9135974312226889e-102 +5.2506447009030064e-103 +3.3668391155782544e-102 -1.4291994494021023e-108 +2.8919549947698655e-102 -4.7488415712874329e-103 -3.3319098370328988e-108 +2.8919530803561917e-102 +3.3666715421508933e-102 +2.8919582974179434e-102 -4.7488272750213950e-103 +1.6946194687361879e-106
 97.00000000 +2.1111514859844551e-94 +4.9091032421826951e-95 +1.4247770000451161e-95 +4.2270621722560514e-95 +4.2270621722563614e-95 -4.7592005606664337e-98 +4.2270621725304037e-95 -4.7592002879750518e-98 -2.7487027519866922e-105 +7.0808640473757286e-112 +4.2223029722429561e-95 -4.7592002866116340e-98 +4.2223029719689124e-95
 97.50000000 +1.3773949498579866e-92 +5.1481989090345693e-93 +1.4648139385009755e-94 +2.7570129422190156e-93 -2.2230528332157317e-96 -2.2230525672509339e-96 +2.7547898999782615e-93 +2.7570130045546045e-93 +1.0328100587672067e-101 -2.2231048367000259e-96 -2.2231048366857126e-96 +2.7570130146170097e-93 +2.7570129419567274e-93
 98.00000000 -5.8887340620232779e-92 -3.7594115837309431e-93 -7.7355129250862623e-93 -1.1161759495349718e-92 +1.6148408393304781e-100 -1.1777468283977815e-92 -1.1777468122625040e-92 -1.1161759495219620e-92 -1.5881855977343429e-102 +1.6168639018265914e-100 -1.1777468124046279e-92 -6.1570879193512653e-94 -6.1570862866147926e-94
 98.50000000 -1.0121589066129961e-88 +8.4215141499917505e-89 -7.5082037287610280e-89 -2.0243178132164098e-89 +7.0063032532551203e-101 -2.0243178132158329e-89 -2.5758408779230691e-101 -1.0161464897950392e-100 -2.0243178132234164e-89 -2.0243178132335780e-89 -2.0243178132329986e-89 +7.5856240189176973e-101 -9.5798828086340935e-101
 99.00000000 -3.6714378839869027e-99 -3.8358465552045892e-100 -3.9499722285312941e-100 -7.3344479555024207e-100 -7.3428757652001174e-100 -8.4278122472021927e-103 -7.3428754175635861e-100 -7.3428757647805794e-100 -3.5067266342741990e-107 -7.3428754178231658e-100 -3.5041610639649471e-107 -2.8837901824627447e-109 -2.7793720831971117e-109
 99.50000000 +1.1070641093464389e-91 +4.0931089878964490e-92 +1.0940324724055020e-92 +2.2141282186928760e-92 +1.5502119429211779e-107 +1.5503627249297509e-107 +2.2141282186928760e-92 +2.2141282186928423e-92 -6.2490077072001045e-102 +3.3555840300747808e-106 +2.2141282186928777e-92 +1.5506887604960356e-107 +2.2141282193177783e-92
100.00000000 +2.3847759840922354e-101 -1.1204065925062616e-101 +1.2072673676289715e-101 +5.8134233488560566e-102 -1.5216620650404620e-108 +3.5258879721300208e-102 +4.7696573176884893e-102 +5.8134248716474775e-102 +1.9989709268491860e-103 +4.5695510104620991e-102 -1.0438713806951846e-102 +1.2436625382793246e-102 -1.0438714084687617e-102
